-9376193.541981 -9376193.541981 0.021979 0.0025991825 0.0000023166 0.0026002268 0.0025976372 -0.0050196132 0.0000031469 -0.0050195036 -0.0050208530 12.7919223551 1.2162008823 13.2809767810 11.5225755677 1.1586458965 0.2389235915 0.6665986693 1.2400109142 -0.1822685045 0.1611491395 -0.5957350583 -0.1083667072 0.0890203735 0.2097210160 0.1677447071 0.4343743691 
-9376253.161816 -9376253.161816 0.020868 -0.0066621070 0.0000168650 -0.0066492355 -0.0066644270 0.0084747165 0.0000157430 0.0084715907 0.0084859238 9.2831900839 0.1975252483 9.3131163705 9.7898223744 2.0147277388 0.4570124678 3.0015418578 2.1070654465 -0.1341437595 0.3946320629 0.3444259077 -0.5475837596 0.0112800440 0.4157144324 0.4147522161 0.1181113169 
-9376192.400089 -9376192.400089 0.022343 0.0077070001 0.0000032287 0.0077067505 0.0077060525 -0.0000408157 0.0000016950 -0.0000408134 -0.0000379615 12.3812512757 0.9047260784 12.7335625170 13.0708603403 0.9858771414 0.1782056432 0.7166333253 0.8107602917 0.1419136705 0.1613738731 0.3971197041 0.0698352973 -0.0272519150 0.1521595256 -0.0537668357 -0.0566804261 
-9376252.596991 -9376252.596992 0.021421 0.0058911509 0.0000650906 0.0059176468 0.0059514711 -0.0041989063 0.0000811689 -0.0042207202 -0.0042999517 9.2822411421 0.2807820674 9.2111793964 9.1062242789 2.1661065962 0.5180893630 3.3830662031 2.7155165279 -0.1532432398 0.4413277074 -0.1906493047 0.4629480813 -0.4147150783 0.2016667460 -0.7250847727 -0.5560407447 
-9376164.632466 -9376164.632466 0.022402 0.0028872134 0.0000025599 0.0028859890 0.0028876085 -0.0014541300 0.0000028713 -0.0014534303 -0.0014505818 16.0755502632 1.2337760316 16.5872141292 16.0661340748 1.3932195866 0.2630491924 1.3995115650 1.4062739301 -0.0660147689 0.1673632092 -0.1226094628 -0.0729750528 -0.0146588020 0.1795221169 0.1016340375 -0.4103700087 
-9376195.201264 -9376195.201264 0.022619 -0.0027773908 0.0000022788 -0.0027760334 -0.0027806147 -0.0078962868 0.0000016426 -0.0078968878 -0.0078954266 12.0598493610 1.0338961726 11.1531506416 12.5979914493 0.9206135135 0.2484284220 0.4109082036 1.0834701091 0.1129842834 0.1644654261 0.3362944364 0.2518289728 0.0697011222 0.1804787770 0.1383754761 0.2484724033 
-9374444.286070 -9374444.286070 0.028574 -0.0020174661 0.0000009249 -0.0020174021 -0.0020183657 -0.0066841638 0.0000008793 -0.0066838747 -0.0066826513 84.6372738378 1.5565465457 85.4188995250 85.9890901675 2.6257328712 0.1224852322 2.6949849955 2.8145378606 0.0696513199 0.0474376814 0.0863429679 0.0869786261 0.1943851702 0.0427826822 0.1985230097 0.1668780851 
-9376209.728560 -9376209.728560 0.021296 0.0053736788 0.0000036944 0.0053740460 0.0053810619 0.0074129741 0.0000027188 0.0074122719 0.0074117736 10.7644343395 0.9320314796 11.7228726254 10.8325488436 1.0808718850 0.2202045090 0.5899559650 1.3253078421 0.1150868598 0.2063068341 0.5493803435 0.3526856714 0.1310223402 0.1859048752 0.1732658986 0.0652351999 
-9376150.987146 -9376150.987146 0.022477 0.0009930871 0.0000020921 0.0009910017 0.0009923660 -0.0015906782 0.0000016783 -0.0015902752 -0.0015925589 16.9550693008 1.3031276752 17.1764508368 15.4246319610 1.1374897144 0.2577331693 0.5945276066 1.1749838892 0.1403353643 0.1973333851 0.5388710429 -0.0095747024 -0.0382600700 0.1846744906 -0.3811801471 0.0679895970 
-9376216.738598 -9376216.738598 0.020523 0.0070747059 0.0000071216 0.0070733144 0.0070796126 -0.0013641237 0.0000111234 -0.0013586670 -0.0013766748 10.4899005983 0.9156165662 11.8120549094 12.1483477545 1.7363022335 0.3816454074 2.0148540723 1.8826909479 -0.1748338853 0.2660931472 -0.4466290452 -0.3069005716 0.0424803804 0.2570860127 0.0679585562 -0.5329602997 
-9375224.070949 -9375224.070949 0.027099 -0.0073783257 0.0000010713 -0.0073783641 -0.0073781258 -0.0034895805 0.0000007873 -0.0034894318 -0.0034897777 60.1179282257 1.4120030673 60.4123287963 56.9681917004 1.6754980802 0.1427493999 1.6480680393 1.4982678663 0.3175101977 0.0635265808 0.3483299261 0.3419718548 -0.3155345008 0.0638112689 -0.3508529116 -0.3407561637 
-9376242.638370 -9376242.638406 0.020962 -0.0083924976 0.0000188834 -0.0084169563 -0.0083967702 -0.0029507658 0.0000151932 -0.0029772619 -0.0029312459 9.3296645770 0.2428489277 9.2400880751 9.2041038217 2.1124172610 0.5342806132 3.6753546752 1.5340025572 -0.1276368148 0.3619807428 0.2936015364 -0.5855571234 0.2754475552 0.3451949600 0.6172678215 -0.2556507471 
-9375824.542452 -9375824.542452 0.024991 -0.0083398763 0.0000009177 -0.0083398842 -0.0083384822 -0.0035402882 0.0000008204 -0.0035403606 -0.0035411014 34.1746567283 1.2350716523 33.6650460738 34.2395503401 0.9867198568 0.1132439430 0.8991368738 1.1359976722 0.0439204291 0.0999541569 0.0839219602 -0.0522847792 -0.1140286165 0.1225436166 -0.2212731289 -0.0672650386 
-9374259.001269 -9374259.001269 0.027251 -0.0072837511 0.0000005298 -0.0072838050 -0.0072838236 -0.0084728300 0.0000005138 -0.0084726362 -0.0084727307 80.3616135984 1.2927054950 80.9579490838 78.6400404873 1.6641010983 0.0755668192 1.7124984320 1.6419874091 -0.0168066474 0.0548233666 0.0040894676 0.0563787584 0.0304729315 0.0667226166 0.0261096379 0.1252541706 
-9375250.204613 -9375250.204613 0.025991 -0.0062488841 0.0000009045 -0.0062487860 -0.0062488246 -0.0061888123 0.0000007508 -0.0061886791 -0.0061899283 56.4830263473 1.4241067411 56.4451536366 54.6499303739 1.5076834086 0.1161185227 1.4837553909 1.5212105661 0.1765914869 0.0870742157 0.2133722175 0.0661913261 0.1208606770 0.0728320361 0.1340093094 0.1215562086 
-9376076.086625 -9376076.086625 0.024329 -0.0065691173 0.0000012326 -0.0065685822 -0.0065712337 -0.0062412082 0.0000012868 -0.0062410499 -0.0062410560 21.6750475340 1.2239840748 22.0279691011 22.3496677158 0.9705057350 0.1476199928 0.7885621539 1.0751848577 -0.1516134587 0.1167374378 -0.1980746917 -0.1757324005 0.0819312990 0.1619650638 -0.1499396684 -0.0626227303 
-9371093.340568 -9371093.340568 0.030027 -0.0053586060 0.0000007378 -0.0053585965 -0.0053589987 -0.0070994855 0.0000002873 -0.0070994198 -0.0070993317 142.3694734318 1.6711070510 142.2410960300 141.9903418597 1.2944719084 0.0817639150 1.2022012164 1.3776138188 0.7264368172 0.0182488331 0.7488094290 0.6936018716 0.0586429556 0.0225266538 0.0632982977 0.0587317794 
-9375792.344537 -9375792.344537 0.024449 -0.0062177002 0.0000012213 -0.0062176649 -0.0062156599 -0.0072404103 0.0000011961 -0.0072401589 -0.0072402086 38.2399142149 1.3970858817 38.5998885226 36.7789763887 1.5777156596 0.1597301587 1.6419645776 1.4510111359 -0.0164457898 0.1023586979 0.0075552934 0.0368509506 -0.0274488670 0.1035944707 -0.0604590033 0.0850868714 
-9376207.638175 -9376207.638175 0.021644 -0.0059994336 0.0000025864 -0.0059992551 -0.0059989273 -0.0086034266 0.0000033222 -0.0086027007 -0.0086079294 11.2391271718 1.1598091625 12.0850631364 11.7494100917 1.2400047456 0.2978628362 0.8317667530 1.4909022626 -0.1731869632 0.1943357091 -0.5665945927 -0.0344556832 0.1811264629 0.2090644369 0.2455430035 0.0629812584 
-9376146.303444 -9376146.303444 0.022311 -0.0076688437 0.0000019575 -0.0076697353 -0.0076694875 -0.0065531114 0.0000025341 -0.0065522135 -0.0065487743 17.5986456496 1.3438258311 17.5937888868 15.5910915735 1.2626279537 0.2471201425 1.1240211136 1.0204367769 -0.1662705128 0.1791290345 -0.2631985725 -0.3597137899 0.1159854943 0.1978471123 0.2974528848 0.3255912297 
-9375407.131212 -9375407.131212 0.029280 -0.0053559664 0.0000011968 -0.0053560561 -0.0053564815 -0.0070997124 0.0000007252 -0.0070996090 -0.0071005917 11.0606273183 0.0773331777 11.0972782941 10.9886590535 1.1036071137 0.0798249175 1.1255985761 1.0291374303 0.1579030400 0.0593532979 0.1782005124 0.1045436736 0.0860045205 0.0320204945 0.0905906500 0.0773201194 
-9375726.125273 -9375726.125273 0.029121 -0.0062489185 0.0000010250 -0.0062489306 -0.0062473063 -0.0061909867 0.0000008188 -0.0061906602 -0.0061909409 17.7074000596 0.1317826741 17.8056206995 17.8612641735 1.4654353794 0.0575727462 1.4922720263 1.5240893063 0.0148282610 0.0258826972 0.0232388414 -0.0353954215 0.0847163722 0.0290125427 0.0958506082 0.1148555858 
-9376197.352767 -9376197.352767 0.021636 -0.0045216540 0.0000045360 -0.0045243485 -0.0045137209 -0.0060015389 0.0000028946 -0.0060003311 -0.0060035613 12.1210895256 1.2351137699 12.2336295500 12.4592561417 1.3183769786 0.2834744258 1.1481426716 1.5785218906 0.1140862789 0.1887217547 0.1475462147 0.1775849308 -0.0486681203 0.1762948494 0.2830003089 -0.0279752479 
-9375436.617497 -9375436.617497 0.026021 -0.0040138235 0.0000006746 -0.0040138697 -0.0040129381 -0.0043202023 0.0000005928 -0.0043201433 -0.0043206489 47.8530785789 1.2956850779 48.0564308779 48.7064360024 1.0667472475 0.0918952829 1.0094509390 1.2023201415 0.0912103337 0.0781732144 0.1395553686 0.1029801047 0.1419103410 0.0779693420 0.2100173044 0.0814292393 
-9375210.314134 -9375210.314134 0.028194 0.0037979429 0.0000011934 0.0037980892 0.0037990275 -0.0031826237 0.0000010465 -0.0031823957 -0.0031833535 64.9508432922 1.6015453068 65.6518979169 67.0295162006 2.1686300498 0.1571145665 2.0615307108 2.1292960543 0.2024135775 0.0519995861 0.2455053465 0.1835160973 0.4585367857 0.0433067868 0.5007017905 0.4801938821 
-9376257.678513 -9376257.678724 0.020899 0.0060238111 0.0001027137 0.0060576126 0.0060087723 -0.0052854977 0.0000245289 -0.0052841247 -0.0052730383 9.3575368995 0.2895562095 9.1425313375 9.2809426277 1.9434253977 0.4956121767 2.9653491362 1.7482805789 0.0290062513 0.4527166955 0.1878429259 -0.5185743493 -0.3172000093 0.2721991686 -0.6088854053 -0.3281803471 
-9376249.311491 -9376249.311492 0.021695 0.0078259493 0.0000136744 0.0078301305 0.0078323100 0.0054930622 0.0000212722 0.0054909948 0.0054887185 9.3129718393 0.2285938558 9.3228427572 9.5689313658 1.7057379666 0.3967630344 2.0846278012 1.4369462830 0.0366172289 0.2978884176 0.2141664041 0.1022003418 -0.2843250626 0.2738393270 -0.6626463871 -0.0534040547 
-9376220.608407 -9376220.608407 0.021545 0.0014405485 0.0000030829 0.0014393701 0.0014412565 0.0018651033 0.0000031934 0.0018643332 0.0018633406 9.8430395848 0.6926666526 9.5785499131 9.8999081596 1.1509043603 0.2209974877 0.6746273445 0.8908696688 -0.0498639529 0.1773536478 -0.0889869180 -0.1955169895 0.1265594954 0.2575689834 0.7232818611 0.0262562472 
-9364466.626798 -9364466.626798 0.029990 0.0067974662 0.0000002775 0.0067974204 0.0067974685 -0.0032559808 0.0000002019 -0.0032559289 -0.0032557645 193.5437040323 1.4273891969 193.6026506523 196.1924068474 1.4570671553 0.0390279480 1.4532879796 1.4570444792 0.3064485534 0.0239211208 0.3085930856 0.2999804807 0.0329116011 0.0239006279 0.0269132398 0.0395937547 
-9372035.248274 -9372035.248274 0.030683 0.0072143185 0.0000004501 0.0072142678 0.0072148565 -0.0023405006 0.0000005815 -0.0023404449 -0.0023401264 127.8496653356 1.2988995820 128.8081192282 128.4237542901 1.8583527635 0.0677577124 1.9247811891 1.8135888617 -0.2500764831 0.0281814853 -0.2515059325 -0.2223207619 0.4730397684 0.0276504476 0.4639890675 0.5109148346 
-9376253.464474 -9376253.464486 0.021165 0.0078266439 0.0000538155 0.0078273004 0.0078246343 -0.0044815188 0.0000345462 -0.0044868576 -0.0044737401 9.3315101954 0.3246077944 9.5299851051 9.2639190149 1.9584763416 0.3855871955 2.7877272005 1.6674164404 -0.0306442281 0.2725553890 -0.0573506615 -0.1460019852 0.2136007962 0.3275796240 0.7260008530 0.5407005407 
-9370955.393907 -9370955.393907 0.031233 0.0052582719 0.0000006029 0.0052580896 0.0052583350 -0.0008720918 0.0000011286 -0.0008722020 -0.0008720837 173.1819963028 2.0889475391 173.8602836856 169.6871598855 3.6669102524 0.1140738573 3.7776533530 3.5081111021 -0.5667432565 0.0180744163 -0.5556028865 -0.5699757388 -0.0768909932 0.0235100746 -0.0764733907 -0.0963903793 
-9375986.781789 -9375986.781789 0.032323 0.0052080657 0.0000013653 0.0052083029 0.0052063335 -0.0004771508 0.0000018731 -0.0004778524 -0.0004749453 31.8817311099 0.8762761377 32.0784599604 32.5577558015 3.3341320055 0.6425695377 3.6967657377 3.6534776345 -0.5163408102 0.0526028732 -0.5164644037 -0.5391726443 -0.3081481311 0.0712154802 -0.3057092330 -0.2559605155 
-9368465.798848 -9368465.798848 0.029925 0.0048927323 0.0000003576 0.0048928341 0.0048934759 0.0003751985 0.0000002653 0.0003752396 0.0003751608 161.4597790417 1.4152046744 161.3234109684 160.6751051216 1.6094863944 0.0539010609 1.6088867003 1.5738340053 0.2823378611 0.0256026360 0.2933790171 0.3024719768 -0.2378030867 0.0266659650 -0.2315569742 -0.2224747211 
-9375523.104523 -9375523.104523 0.026852 0.0044628129 0.0000012754 0.0044629291 0.0044638224 0.0006149534 0.0000011935 0.0006151355 0.0006127285 52.3011506876 1.5437688175 51.6802197447 52.4956693938 1.6975223492 0.1591169956 1.4766656118 1.7211446382 0.0241270254 0.0706171053 -0.0053460785 0.0830109070 -0.5498331396 0.0569485311 -0.6181638281 -0.5190997891 
-9374979.248732 -9374979.248732 0.029191 0.0067952598 0.0000009278 0.0067948882 0.0067955262 -0.0032564937 0.0000006257 -0.0032565418 -0.0032563340 10.5139084129 0.0575047266 10.5166862455 10.6123845456 1.2513692439 0.0490112840 1.2247646965 1.3581871906 0.2053288056 0.0483961283 0.2397935768 0.1134018836 -0.0799694757 0.0435536600 -0.0858706499 -0.1404791657 
-9376168.767556 -9376168.767556 0.023741 0.0058154283 0.0000020288 0.0058163418 0.0058155211 0.0015108338 0.0000012598 0.0015108173 0.0015107878 14.4327326806 1.0969265118 14.9979101881 16.1363744356 0.9061528512 0.1724656212 0.7324395146 1.0619835813 0.1778207477 0.1348019279 0.3961627276 0.0842144454 0.1163412114 0.1193802708 0.0583141991 0.1738285737 
-9376249.173857 -9376249.174216 0.020212 0.0064675971 0.0003261389 0.0066707380 0.0056030384 -0.0067198637 0.0001304672 -0.0065955010 -0.0067988284 9.4695862219 0.2611915635 9.6240041748 9.4717973103 2.2855449283 0.5233855732 3.7785065601 2.2058600520 -0.0941057338 0.4957972293 0.4408114247 0.7363522454 0.3682391313 0.3198356247 0.5304559558 0.1579164374 
-9375566.984582 -9375566.984582 0.025555 0.0034715341 0.0000006562 0.0034715633 0.0034725190 -0.0069198531 0.0000006704 -0.0069199016 -0.0069208173 42.9575306518 1.2423144621 43.0142051180 43.8045193814 0.9444825772 0.0901898817 0.9306167654 0.9328781735 -0.0333732715 0.0981265411 -0.0640500657 -0.1327321168 -0.0365563856 0.0892548321 -0.0378474337 0.0234762216 
-9375470.549733 -9375470.549733 0.025592 0.0043405365 0.0000010308 0.0043404911 0.0043405368 -0.0073524734 0.0000009658 -0.0073522452 -0.0073508165 50.2187631800 1.4547151035 50.0902438836 48.6058084030 1.5385839617 0.1466839812 1.4953664662 1.5691008534 0.0476340172 0.0857837827 0.0483408675 -0.0419312055 -0.2560032275 0.0979973766 -0.2985456397 -0.1896506241 
-9375893.755174 -9375893.755174 0.027903 0.0047288769 0.0000030069 0.0047293516 0.0047268982 -0.0081285202 0.0000069167 -0.0081271035 -0.0081287925 48.4035990876 2.2581387256 49.8208662752 50.3944217652 3.3131888296 0.3401139992 3.8083609693 3.3714476218 -0.5852401305 0.0475875536 -0.5630908180 -0.5031636715 -0.3947238292 0.0599887711 -0.3926547918 -0.5266231976 
-9375964.593217 -9375964.593217 0.025508 0.0032905980 0.0000010501 0.0032900846 0.0032903643 -0.0078099640 0.0000014089 -0.0078096820 -0.0078111091 29.0098523084 1.2354698272 28.4212301322 27.7548589485 1.0032307374 0.1433221546 0.6249481696 1.0707994684 -0.2282026278 0.1045528210 -0.3554836319 -0.3720735011 0.3432481781 0.1075993679 0.5340285056 0.2143206535 
-9376250.303169 -9376250.303243 0.020342 0.0026487617 0.0000407050 0.0026597308 0.0026064014 -0.0073840069 0.0000271799 -0.0073823193 -0.0073901440 9.2958810698 0.2208645113 9.2949207214 9.0892351826 2.0844474139 0.5965782225 2.8860819014 1.4975253779 0.2027638187 0.3220943685 0.6858179172 0.3061983792 0.3216361741 0.2425333826 0.3197880376 0.3339644717 
-9376168.084540 -9376168.084540 0.022776 0.0085460799 0.0000019574 0.0085463751 0.0085466963 -0.0069192571 0.0000019159 -0.0069181151 -0.0069172759 15.0578543136 1.1767759326 14.9502218421 12.7976227478 1.0062849401 0.1882304764 0.7883730450 0.8147985549 0.0500591207 0.1568493651 0.2031919097 -0.0248611410 0.1267104621 0.1635385063 0.2682849041 0.2186623200 
-9376165.694939 -9376165.694939 0.022080 0.0081797164 0.0000028435 0.0081794940 0.0081744350 -0.0077123183 0.0000042979 -0.0077141747 -0.0077074390 16.7320200034 1.3946360925 16.9208834847 17.8822748662 1.5483267719 0.3062538711 1.4740984758 1.6786096231 -0.3160018554 0.1957005640 -0.4929815021 -0.3237847939 -0.0315519588 0.2021883070 -0.0529283552 -0.1904168659 
-9376240.511133 -9376240.511133 0.020282 0.0070957777 0.0000219097 0.0070933775 0.0070861067 -0.0082166735 0.0000343558 -0.0081910277 -0.0082516949 9.5197691374 0.4429800154 9.2919330189 10.1739191288 2.0752977576 0.4906360070 1.7055323929 2.5331629828 -0.2236452843 0.3726984292 -0.6050738809 0.0511166829 0.1053211538 0.3671626051 -0.4504884498 0.4815466416 
-9376246.875159 -9376246.875159 0.020921 0.0083286255 0.0000209222 0.0083295896 0.0083091772 -0.0055325451 0.0000200965 -0.0055363268 -0.0055451872 9.4317633866 0.3709125104 9.2769821703 9.0545252061 1.9870190293 0.4723900924 3.0041332454 1.7532046697 -0.1950317036 0.3500498284 0.1531842634 -0.4180271747 -0.1591626097 0.4176432390 -0.6547500242 0.3375070816 
-9375882.851312 -9375882.851312 0.025516 -0.0045233894 0.0000009820 -0.0045237290 -0.0045232180 0.0041260200 0.0000008120 0.0041264331 0.0041252544 31.9938001797 1.1679461027 32.3098961357 32.4417027943 1.0079656209 0.1237970064 0.9213704967 0.7794541266 0.2231505474 0.1125543264 0.3328533761 0.3678698673 -0.0985484175 0.0760591089 -0.0153820800 -0.1724637986 
-9376190.643454 -9376190.643454 0.022180 0.0020960936 0.0000025201 0.0020965050 0.0020956488 -0.0084836444 0.0000021606 -0.0084831829 -0.0084860666 12.7856821056 1.2262928116 11.6409244093 12.9202951605 1.0409908659 0.2596842004 0.4460757373 1.0582121265 0.0636079237 0.1967460420 0.3054783449 0.5276635666 -0.1386167881 0.2082771792 -0.1977464854 -0.0005450710 
-9376212.850701 -9376212.850701 0.020984 0.0042570287 0.0000055252 0.0042590218 0.0042651781 0.0081031173 0.0000042133 0.0081041856 0.0081024483 10.9475972512 1.0808008192 10.5554732670 13.1800553964 1.4658919584 0.3035348685 1.3786365636 1.6083998621 0.0555282706 0.2245296086 0.2696469968 0.2379963309 -0.0551770721 0.2296390419 -0.1416873745 -0.4422624796 
-9376016.880375 -9376016.880375 0.025085 0.0036706313 0.0000012418 0.0036705840 0.0036721649 0.0081530118 0.0000008305 0.0081533228 0.0081530886 24.6438298280 1.1540999170 23.9908319654 24.6167662393 0.7579678809 0.1137370708 0.4843118632 0.6422048977 0.2283871115 0.1450945407 0.5567188210 0.0954993918 0.0141313047 0.1246601253 0.1550796568 0.2074439294 
-9376092.850494 -9376092.850494 0.023433 0.0029558999 0.0000015091 0.0029560408 0.0029545096 0.0070417810 0.0000012426 0.0070415596 0.0070426948 20.7482271482 1.2909974128 20.4479829577 19.2266054338 0.9614499079 0.1656882579 0.7505556968 0.9481502034 0.0705392495 0.1467209741 0.2862525743 -0.0911128947 0.0303954603 0.1390019120 0.0317093319 -0.0027615947 
-9376172.562340 -9376172.562340 0.023656 0.0028775027 0.0000020066 0.0028764715 0.0028746748 0.0066661682 0.0000024831 0.0066633944 0.0066641374 15.4177975187 1.0306005310 14.3773014419 15.1191061162 1.1191817958 0.2092720475 0.7261851727 1.0635427815 -0.1283098351 0.1417091453 -0.1245788813 -0.1579499508 0.2442181407 0.1373602143 0.3715446888 0.4060968869 
-9376220.952058 -9376220.952058 0.021453 -0.0065998695 0.0000041968 -0.0066007664 -0.0066060620 -0.0003414101 0.0000035613 -0.0003411077 -0.0003432143 10.1594789402 0.8256412190 9.0737369997 10.4250403462 1.2967285157 0.2688097503 0.7888743650 1.0729689130 -0.0073768141 0.2188483181 0.2821943393 0.1917809981 -0.2494859161 0.1605288461 -0.3168557006 -0.0852522351 
-9376118.694885 -9376118.694885 0.023266 -0.0072419208 0.0000025306 -0.0072412557 -0.0072461561 -0.0001798228 0.0000021060 -0.0001801557 -0.0001781510 20.8874949478 1.4110925683 21.0020750093 20.2483505878 1.4852626145 0.3003130639 1.2232190529 1.7316831260 0.1960700526 0.1874994929 0.1369892068 0.0086320436 -0.2921314597 0.1746673079 -0.5226501999 -0.4285475259 
-9376210.776810 -9376210.776810 0.021593 0.0000596291 0.0000047771 0.0000552819 0.0000606885 0.0082509365 0.0000029710 0.0082532335 0.0082542404 10.5638569467 0.9006647075 10.0222173517 9.5978118313 1.1433822554 0.2741216056 0.5043072832 1.3427176812 0.1458138447 0.2075013377 -0.0261334980 0.0559227051 -0.0772444895 0.2142932451 -0.2096559080 -0.0604818339 
-9366876.150602 -9366876.150602 0.030173 -0.0027699421 0.0000003884 -0.0027700028 -0.0027705910 0.0081601590 0.0000004095 0.0081601286 0.0081601871 190.3419588019 1.6531076827 190.7753283591 191.1004493130 2.3682564456 0.0640432734 2.3768826219 2.4566129814 -0.0781812343 0.0246720363 -0.0821622627 -0.1000178087 -0.3105436432 0.0235772525 -0.3128092280 -0.2893435950 
-9376207.715305 -9376207.715305 0.021914 0.0004030802 0.0000024502 0.0004027965 0.0004002000 0.0062205546 0.0000029084 0.0062209313 0.0062219223 10.8148435590 0.9546227397 11.0719400187 10.2923449616 1.0270345710 0.2510732429 0.8165325233 1.1703264542 -0.0897497416 0.1782084866 -0.2111841022 -0.0948373660 -0.0556152072 0.2031282511 -0.1656361011 0.1815064415 
-9376251.515079 -9376251.515094 0.021504 -0.0016746632 0.0000449742 -0.0016778745 -0.0016690892 0.0051501621 0.0000348383 0.0051656868 0.0051450839 9.3413491271 0.2786109542 9.1391953771 9.2612058247 2.1741932559 0.3843849987 2.1938863529 1.9539772558 -0.1923818074 0.4128306363 -0.5084364545 0.3308257100 -0.0169884995 0.3881706311 -0.5582352978 0.3153984523 
-9375658.501020 -9375658.501020 0.024740 0.0016638327 0.0000010589 0.0016638663 0.0016629496 0.0042514381 0.0000011375 0.0042510291 0.0042502965 43.8917151435 1.4836666031 44.3711648257 42.0694708786 1.6438667721 0.1491868999 1.7496077546 1.4627063868 -0.0785025783 0.0981734022 -0.0921151035 -0.1009027958 0.0772641845 0.0957392936 0.0896179149 0.2733794194 
-9370493.374424 -9370493.374424 0.033955 0.0020254239 0.0000006415 0.0020254891 0.0020247589 0.0036134613 0.0000005829 0.0036135586 0.0036134745 163.1228093004 1.5011461517 163.3651292401 164.0506055433 3.5461951127 0.1009577219 3.5039056377 3.4770211917 0.0794766539 0.0137985911 0.0846716502 0.0995668426 0.3038015102 0.0226500113 0.3405312770 0.3197532099 
-9376203.362785 -9376203.362785 0.022521 0.0004954942 0.0000026525 0.0004938422 0.0004971938 0.0026441769 0.0000028199 0.0026448288 0.0026397377 10.8361459916 0.7521771923 11.6665654692 11.5336694940 1.0257464657 0.2055453629 0.8538222906 1.1269365926 -0.0564686977 0.1819146472 -0.0077740008 0.0805999453 0.0189330435 0.1806101711 0.0269107703 0.1208036632 
-9376189.043531 -9376189.043531 0.024436 -0.0029401784 0.0000013148 -0.0029403713 -0.0029396817 -0.0001019733 0.0000013398 -0.0001017525 -0.0001006655 12.5913594355 0.9306208417 12.4786771090 11.8652481172 0.7226328230 0.1563530491 0.4856675542 0.6800848070 -0.0497350618 0.1116774937 0.1461214636 -0.0449905584 0.0760955822 0.1345443516 0.1885707605 0.3653899138 
-9375778.901986 -9375778.901986 0.025730 -0.0030541488 0.0000014182 -0.0030544523 -0.0030533871 0.0010511140 0.0000011891 0.0010507131 0.0010513345 39.8452926181 1.3689018421 40.5156052317 40.2294126682 1.5064424121 0.1547043829 1.4614193483 1.6637957607 0.1325673253 0.0982257439 0.1538886080 0.2719368920 0.3841054464 0.0922434965 0.4375710863 0.2061416544 
-9375016.132146 -9375016.132146 0.026466 -0.0005999931 0.0000007315 -0.0005996886 -0.0006005039 0.0015130262 0.0000009839 0.0015129744 0.0015113960 64.9450869828 1.4914474079 65.2852151152 67.0893709667 1.6864561269 0.1335246501 1.6893239671 1.9023828969 -0.3313737820 0.0642708993 -0.3546732005 -0.3159914111 0.0122469995 0.0757339168 0.0318808269 0.0056471501 
-9375116.558120 -9375116.558120 0.026659 -0.0013923979 0.0000008954 -0.0013924185 -0.0013928911 0.0010786490 0.0000007551 0.0010787816 0.0010784137 61.0372321290 1.4253868800 61.1077585178 60.9796856056 1.5928591261 0.1267663036 1.5856775507 1.7224700734 0.1248031263 0.0758930845 0.1474137381 0.0687449898 -0.2563349842 0.0713148410 -0.2757733769 -0.1116618657 
-9376046.741649 -9376046.741649 0.025154 -0.0018105683 0.0000039669 -0.0018118187 -0.0018084928 0.0026074658 0.0000022034 0.0026070610 0.0026085651 29.7855796616 1.5890814602 31.2313720113 32.8486565131 2.2090438849 0.3275135661 2.6610608013 2.4015884669 0.5803232509 0.0833240542 0.5619607968 0.5908319661 -0.0087546164 0.1347294026 0.0612751943 -0.2007892352 
-9376061.645981 -9376061.645981 0.023109 -0.0013976386 0.0000017940 -0.0013977007 -0.0013981966 0.0019711708 0.0000015710 0.0019707581 0.0019729029 23.7634014727 1.2978888474 24.1090461384 26.3521360787 1.3149854207 0.2100131380 1.2970517524 1.7457939791 0.0401211791 0.1597011009 0.1034357217 0.0129293759 -0.0819648939 0.1431468197 -0.1785576935 -0.0189685603 
-9376186.878841 -9376186.878841 0.022706 -0.0022386017 0.0000018713 -0.0022405367 -0.0022417238 0.0018063004 0.0000017530 0.0018073412 0.0018036494 12.8011155605 1.0469440058 13.0773489014 12.1625133366 0.9281156933 0.2094530946 0.5294823202 0.8981927812 0.0205326017 0.1660774879 -0.1258055300 -0.1576644097 0.0114729130 0.1916561491 0.3912971417 0.3923209260 
-9376207.443664 -9376207.443664 0.021178 -0.0032706015 0.0000034757 -0.0032721292 -0.0032660128 -0.0008104282 0.0000058575 -0.0008104938 -0.0008112304 11.3341894565 1.0374212912 11.9583404773 11.2973970027 1.4592468373 0.3372573198 1.0636658982 1.6370080295 -0.2234746435 0.2162971600 -0.4176802934 0.1754054050 -0.2044233576 0.2324403344 -0.4822483373 -0.1257544882 
-9374743.941048 -9374743.941048 0.028115 -0.0041121516 0.0000006389 -0.0041119283 -0.0041122240 -0.0000661970 0.0000007652 -0.0000661367 -0.0000654096 71.6895295106 1.2619871023 71.7455661423 72.5522557306 1.4756232154 0.0777494822 1.5855353750 1.4417921929 -0.2330718945 0.0552661838 -0.2101129673 -0.2829976091 -0.4251419902 0.0453389946 -0.3731308245 -0.4648472282 
-9376190.365745 -9376190.365745 0.022290 -0.0026978727 0.0000026027 -0.0026987086 -0.0026952422 -0.0011577146 0.0000020765 -0.0011583316 -0.0011557146 12.7726174445 1.0574233482 12.8789247886 14.1479942063 1.0369419978 0.1936827270 0.8004251048 1.0144945099 0.1260027390 0.1627768903 0.4362840189 0.1166443113 0.0224539689 0.1809183450 0.0565528112 0.0838511350 
-9375914.727951 -9375914.727951 0.024433 -0.0018663831 0.0000009597 -0.0018662907 -0.0018677560 -0.0013428444 0.0000010168 -0.0013430020 -0.0013423694 30.7907082914 1.2418688995 30.9897500191 29.1290600950 1.0674496695 0.1265926918 1.0307011090 0.9864792761 -0.0634428361 0.1162247837 -0.0746266698 0.0072128850 0.0585257698 0.1145622972 0.0938713105 0.0278564323 
-9368673.256719 -9368673.256719 0.030421 -0.0026358121 0.0000005989 -0.0026357568 -0.0026369118 -0.0023776347 0.0000003526 -0.0023776916 -0.0023771494 175.6441392161 1.7033541427 175.9487211116 176.2859951796 2.1114912211 0.0877454487 2.1225059318 2.2326751613 0.4612009980 0.0216422351 0.4634401658 0.4283920656 -0.2898065128 0.0236099330 -0.2924753981 -0.2786744551 
-9376130.883869 -9376130.883869 0.025842 -0.0072412139 0.0000027575 -0.0072403886 -0.0072409371 -0.0001813123 0.0000016087 -0.0001811265 -0.0001787545 16.8017860935 0.9950070291 16.8308554731 17.1693580622 1.2393571733 0.1179272984 1.0897034580 1.4542612019 0.2083203200 0.1968875244 0.3361503557 0.1144038592 0.2698822985 0.0930568446 0.2430084689 0.3511365490 
-9376220.692165 -9376220.692165 0.022273 -0.0000983590 0.0000034772 -0.0000988417 -0.0001026207 0.0051657839 0.0000032813 0.0051663079 0.0051682210 10.0722774322 0.6539990279 9.5977045687 10.2643638636 1.1077014466 0.1972502759 0.8705154180 1.1325558343 -0.1233927216 0.1648420971 -0.1116708308 -0.3223723309 -0.1834874211 0.1601042134 -0.2221537098 0.0404446490 
-9376058.581373 -9376058.581373 0.023773 0.0024528119 0.0000017608 0.0024524631 0.0024512009 0.0054078052 0.0000021149 0.0054077540 0.0054057716 25.0192908743 1.3421839215 25.1216032429 26.3827377565 1.5110144112 0.2435137082 1.5944735211 1.4331245873 -0.0943389385 0.1763403385 -0.1354539102 0.0021417953 -0.2618026672 0.1396420971 -0.2680519700 -0.3035776885 
-9374968.012184 -9374968.012184 0.026044 0.0019457612 0.0000006631 0.0019458187 0.0019463160 0.0056191979 0.0000006043 0.0056191543 0.0056193993 62.4646553870 1.3887015938 62.4350601670 62.8609206014 1.3857653448 0.0951816936 1.3719439220 1.4078196400 0.0391560018 0.0711594040 0.0417476859 0.2216732539 -0.0983890783 0.0734007736 -0.1117465330 -0.1264679544 
-9376169.302994 -9376169.302994 0.022122 -0.0061259680 0.0000032219 -0.0061266077 -0.0061232021 0.0004213675 0.0000024332 0.0004200624 0.0004189601 15.6083863550 1.2413009307 15.7684352711 15.0184913671 1.3211865913 0.2557944499 0.9288778497 1.3855329410 0.1889956587 0.1831644347 0.5127344357 -0.0712133763 -0.0955886510 0.2169353790 -0.2291756253 -0.1710198479 
-9375826.921561 -9375826.921561 0.024510 -0.0062689164 0.0000012639 -0.0062689072 -0.0062703699 0.0018633323 0.0000013604 0.0018632660 0.0018651531 37.2254296047 1.3898124872 37.5045650843 36.9326201145 1.6785967231 0.1628763418 1.7458846852 1.6461348126 -0.0408206917 0.1035853254 -0.0959285651 0.1132859317 0.0073245278 0.1030039609 -0.0061679404 -0.0913331913 
-9375565.553829 -9375565.553829 0.025308 -0.0072793444 0.0000007110 -0.0072794197 -0.0072784826 0.0022879922 0.0000007093 0.0022880919 0.0022877662 43.6139802591 1.3074239869 43.6642761600 45.5151219230 1.0393025432 0.0966271633 1.0279012474 1.1978455044 -0.0433519548 0.0926516872 -0.0958897203 -0.1158501227 -0.0517639989 0.0934887729 -0.0514818327 -0.0248574782 
-9372197.256863 -9372197.256863 0.028067 -0.0071053141 0.0000004522 -0.0071052403 -0.0071053753 0.0015784723 0.0000004720 0.0015784361 0.0015791007 116.8819434712 1.4932624184 116.8426849517 118.0042694205 1.8424964014 0.0631015169 1.8316622034 1.9681735889 -0.0474808773 0.0385486605 -0.0416939249 -0.0774181717 0.0866670310 0.0409872742 0.0946271178 0.0707649125 
-9375132.344666 -9375132.344666 0.033471 -0.0070941344 0.0000010377 -0.0070938710 -0.0070926221 0.0015664398 0.0000007943 0.0015662130 0.0015671093 19.0640104984 0.1897940498 19.1511039715 19.1883432943 1.6147934032 0.0269985851 1.6181242680 1.5966946596 -0.1746179669 0.0482343411 -0.1582629838 -0.1873653612 -0.1293100050 0.0339207376 -0.1480816872 -0.1319986230 
-9376176.211722 -9376176.211722 0.022592 -0.0083609715 0.0000021805 -0.0083602336 -0.0083625803 0.0013526311 0.0000023634 0.0013516242 0.0013491873 14.4903914947 1.2876150245 14.5815390811 14.3236260047 1.1335905477 0.2456320722 0.7471285118 1.0657593597 -0.0792435486 0.1679717524 0.0007170342 -0.3657324738 -0.2149519762 0.1908980139 -0.5739655645 -0.1406952385 
-9376047.358819 -9376047.358819 0.023704 -0.0082310150 0.0000014993 -0.0082306721 -0.0082308450 0.0019865864 0.0000013590 0.0019861968 0.0019882418 24.0265369746 1.2650285137 24.5254621276 23.7496794011 1.1161877718 0.1712282723 1.0891641349 0.9597330657 -0.0254612670 0.1279997410 -0.0435628371 -0.0288520290 -0.0821997311 0.1532572607 -0.1835250792 0.1493734600 
-9376206.134702 -9376206.134702 0.021432 -0.0057989112 0.0000026418 -0.0057978924 -0.0057986716 0.0028276347 0.0000040749 0.0028269642 0.0028208338 11.1468331918 1.1270319787 11.5327053383 10.0547353774 1.1595051520 0.2849359194 0.5548233057 1.3082077080 -0.1606870682 0.2092121811 -0.5790009341 -0.1621500262 0.1129962253 0.2041976920 0.4533646767 0.1946823835 
-9375594.685801 -9375594.685801 0.026491 -0.0042904322 0.0000012888 -0.0042906927 -0.0042889959 0.0054416238 0.0000006989 0.0054413244 0.0054418462 46.7142670935 1.3635673642 46.6223600706 44.9880222934 1.2541625564 0.1575955728 1.0221457688 1.3004703577 0.5406434059 0.0714639336 0.6442421553 0.4605102895 -0.0303117901 0.0888693286 -0.0613858895 -0.0005898057 
-9375965.929775 -9375965.929775 0.025194 -0.0039639753 0.0000014046 -0.0039640890 -0.0039622094 0.0056797761 0.0000024546 0.0056808840 0.0056801107 32.4060879757 1.4065504925 32.9710856388 31.6012022191 1.4771622515 0.2449981719 1.3968163188 1.2564980590 -0.5770444952 0.0838656064 -0.6378716617 -0.7196217806 -0.0507828616 0.1245068863 -0.0703085027 -0.0784610789 
-9376053.712613 -9376053.712613 0.029572 -0.0042571340 0.0000006168 -0.0042574769 -0.0042577968 0.0054314862 0.0000012987 0.0054314278 0.0054289646 10.7243503387 0.1502773858 10.9768051777 10.7764599621 0.7247842837 0.0540906868 0.7850188336 0.7371582713 0.0878636095 0.1067208205 -0.0134749754 0.1481027944 -0.4296825437 0.0825158925 -0.2588158468 -0.3966471669 
-9376146.489702 -9376146.489702 0.022855 -0.0051993264 0.0000025518 -0.0051996536 -0.0051993518 0.0065826392 0.0000028749 0.0065825299 0.0065861840 18.1495761382 1.3249167175 19.3271797575 20.1886363801 1.6451600346 0.2788572208 1.6329379586 1.8306785283 -0.1353947806 0.1892635406 -0.3152543891 -0.3884583559 0.0393746306 0.1934429438 -0.1264768204 -0.1599597607 
-9376174.746810 -9376174.746810 0.022080 -0.0051608441 0.0000032550 -0.0051595350 -0.0051628623 0.0078634401 0.0000021909 0.0078646791 0.0078605682 14.8263908552 1.2085872327 15.1171804220 13.2848213274 1.2414619621 0.2249721452 0.8755221289 0.6473856737 0.0744860528 0.1777793070 0.4720493006 0.0414965953 0.1413697905 0.1944619181 0.3314985971 0.4814261549 
-9376180.608817 -9376180.608817 0.025251 -0.0051614334 0.0000033149 -0.0051613455 -0.0051653108 0.0078638510 0.0000024641 0.0078634970 0.0078627690 13.6596091719 1.0353603196 14.9138359089 12.8695706129 1.0706216558 0.1785619205 1.1699109362 0.9799108749 0.1423314163 0.1082384736 0.2814154060 0.1145837798 0.0053277838 0.1194249848 0.2014925399 -0.0966761403 
-9376246.618656 -9376246.618656 0.021139 -0.0035472683 0.0000407880 -0.0035346353 -0.0034763942 0.0073326530 0.0000319467 0.0073515376 0.0074070414 9.3461239522 0.2788495466 9.5792352410 9.3304332610 2.0753852972 0.5308801290 3.0098929411 2.5771667501 0.0646267067 0.3318710766 0.1773798774 0.4080841372 0.4711686786 0.2721429780 0.7289971291 0.6132204659 
-9376247.636434 -9376247.636434 0.020623 -0.0030617403 0.0000435495 -0.0030726542 -0.0031228962 0.0029066952 0.0000623452 0.0028763814 0.0030074463 9.4019651315 0.3199440342 9.0598907173 9.8872841846 2.2307575938 0.4843253186 2.9344856150 3.3739827873 -0.0191958958 0.3942619823 0.4800905934 -0.5675580998 0.1651590392 0.3365961904 0.4789235718 0.0446753767 
-9373710.983583 -9373710.983583 0.031311 -0.0087158141 0.0000011422 -0.0087156573 -0.0087169238 0.0052252029 0.0000008695 0.0052251605 0.0052267494 114.5752096559 1.6460967312 115.3904856083 114.8325358526 3.7024549887 0.0876053079 3.7829057238 3.6404576536 0.2981948457 0.0338489470 0.3117331320 0.3011897035 -0.3652705625 0.0257382869 -0.3546718448 -0.3941619434 
-9376250.542590 -9376250.543266 0.020741 -0.0082193175 0.0000716660 -0.0082795817 -0.0082491822 0.0062456566 0.0000909751 0.0062593681 0.0063091029 9.5016764169 0.1950331152 9.1756837119 9.5354454898 2.4135147020 0.5070363479 3.4278792197 2.9078916051 0.0652511819 0.4370038729 0.3505737964 0.2972239273 0.2773996979 0.4275326598 0.6139052287 0.4814240657 
-9376194.056033 -9376194.056033 0.021348 -0.0057797380 0.0000046965 -0.0057775779 -0.0057802352 0.0052479486 0.0000054595 0.0052424098 0.0052450776 13.4249745459 1.4355985400 14.1130345682 10.5727461880 1.5934571704 0.3667881588 1.4215957290 1.3253218063 -0.0936587177 0.2130356818 -0.1087548718 -0.0176125010 -0.2453640270 0.2190092362 -0.6047693611 -0.3688081834 
-9374871.845003 -9374871.845003 0.026616 -0.0072479410 0.0000005035 -0.0072480648 -0.0072482408 0.0070482182 0.0000005577 0.0070482922 0.0070487201 63.1049183263 1.2163096640 63.1857604351 64.0908828471 1.1795084406 0.0709465936 1.2032050331 1.2192317754 -0.1201711719 0.0715629003 -0.0982857630 0.0167268979 0.0026489375 0.0710156382 -0.0057588668 0.0489638647 
-9376204.505321 -9376204.505321 0.021649 -0.0079141645 0.0000047257 -0.0079167808 -0.0079165507 0.0075096102 0.0000060884 0.0075122958 0.0075099811 11.7660632293 1.0566786731 12.1892495982 11.7114075846 1.3900726092 0.3213609473 0.9687270796 1.9894160195 -0.1029862346 0.2056059995 -0.2753857667 -0.1716965675 -0.3502439550 0.1950562824 -0.6089664192 -0.1496266684 
-9376064.114549 -9376064.114549 0.023161 0.0036173162 0.0000019704 0.0036175306 0.0036162116 0.0029120492 0.0000022319 0.0029115974 0.0029092482 24.8766873635 1.3985540323 25.0628329184 25.1691985130 1.7712968371 0.2434181382 1.8846529274 2.2197084041 -0.0616522042 0.1493193952 -0.1193671638 0.1492217239 -0.0508263977 0.1494895682 -0.0798417408 0.0524641509 
-9374628.337085 -9374628.337085 0.031269 -0.0027691743 0.0000009108 -0.0027687625 -0.0027704332 0.0081539221 0.0000008356 0.0081534112 0.0081542273 16.4673018124 0.0946683392 16.5649542903 16.4826396888 1.1260379041 0.0239233001 1.1294242571 1.1205214557 0.1703524170 0.1024534547 0.2346167126 0.1487653706 -0.5688249478 0.0339463407 -0.5638313106 -0.5920468660 
-9376152.174371 -9376152.174371 0.022681 -0.0008233323 0.0000019489 -0.0008240470 -0.0008244699 -0.0022507059 0.0000019772 -0.0022531240 -0.0022473365 16.5444653052 1.1012350731 16.8730269099 16.6989328071 1.0989239127 0.1900569358 0.7358304920 1.2148252672 0.0176349341 0.1615336439 0.0860134649 0.1517287460 -0.0624517627 0.1739036652 -0.4879328498 -0.0498797797 
-9376114.203235 -9376114.203235 0.023636 -0.0031447310 0.0000015567 -0.0031446395 -0.0031464509 -0.0048777099 0.0000021237 -0.0048779335 -0.0048774728 20.2717838761 1.1780574464 21.2580548013 19.6844030508 1.2358821382 0.2262530891 0.8701092091 1.0190857344 -0.2724708677 0.1610805921 -0.5879101475 -0.3878826921 0.1523272110 0.1554161178 0.3286755781 -0.0286126459 
-9368789.356524 -9368789.356524 0.033139 -0.0015280810 0.0000003902 -0.0015279042 -0.0015276661 -0.0050381282 0.0000005315 -0.0050382248 -0.0050385636 178.0384888738 1.4167274243 179.1446883137 181.3480858777 2.2564064002 0.0320337234 2.2790724028 2.2652147428 -0.4270332917 0.0106757821 -0.4211710790 -0.4279532403 0.3486869340 0.0120041987 0.3493936383 0.3491435459 
-9376215.356166 -9376215.356166 0.021769 -0.0022643741 0.0000059089 -0.0022675556 -0.0022644968 -0.0047688111 0.0000033581 -0.0047682368 -0.0047663339 11.1498642378 0.9232226194 11.5445240646 11.3976934333 1.4799695365 0.2526234403 0.9738783156 1.8521150002 0.3730672889 0.1828931508 0.5797651502 0.2222978994 -0.2290495591 0.1983815216 -0.4448147433 -0.3433771658 
-9376213.515335 -9376213.515335 0.022516 0.0014485294 0.0000031782 0.0014509507 0.0014449403 -0.0031262187 0.0000040192 -0.0031292960 -0.0031260679 10.3453001755 0.6661453612 10.5328642710 10.1406685484 1.2461362182 0.2733298390 0.7320887590 1.6303101924 -0.0631866556 0.1756340093 0.1481897173 -0.2619592101 0.0285369618 0.1922161615 0.1582608665 -0.0611384261 
-9376046.672997 -9376046.672997 0.024632 0.0014394643 0.0000010523 0.0014392184 0.0014409257 -0.0027538718 0.0000012559 -0.0027546521 -0.0027525990 23.3708484783 1.1027597111 23.5171822497 23.1644174870 0.9678623982 0.1487688160 0.7298641980 1.1764510538 -0.1003581133 0.1172378684 -0.1819334766 -0.0797989038 0.1117638049 0.1313533993 0.3504379928 0.1392948041 
-9376024.230746 -9376024.230746 0.025771 0.0004513297 0.0000012113 0.0004516168 0.0004526629 -0.0024384033 0.0000011053 -0.0024377453 -0.0024372647 25.4567902969 0.9282175554 26.6817937394 25.0320712916 1.1428351053 0.1009384580 1.4047306702 1.1426637040 0.0068632692 0.1014267697 0.1148629607 -0.0289524091 0.1417867915 0.0752230392 0.1570936634 0.1463914485 
-9376127.065084 -9376127.065084 0.024125 0.0004340576 0.0000014132 0.0004339562 0.0004326207 -0.0034228796 0.0000012028 -0.0034223023 -0.0034243069 18.0871021554 1.0485265050 18.0709618773 18.6780959332 0.8851341937 0.1546956322 0.7387241819 1.0337898766 0.0904416070 0.1431798304 0.3136426995 0.2420819703 0.1258872035 0.1322773226 0.2032288291 0.0038013048 
-9372055.001272 -9372055.001272 0.029967 0.0011079793 0.0000006119 0.0011080504 0.0011078617 -0.0049445285 0.0000004978 -0.0049445310 -0.0049449809 128.8293564579 1.5517335091 129.6189362169 127.6086879559 2.5559789662 0.0792323889 2.6345799643 2.4452958922 0.2179476237 0.0392746852 0.1877436143 0.2354046021 0.1824125536 0.0279267454 0.1704897398 0.2056543475 
-9376102.901021 -9376102.901021 0.024067 0.0006968426 0.0000011899 0.0006966289 0.0006975436 -0.0053513111 0.0000016038 -0.0053504437 -0.0053499639 20.7039316629 1.2408583316 21.1408671039 21.3056072112 1.1443621642 0.1895574129 0.8152845837 1.1645360236 -0.2251442297 0.2001460012 -0.4678296582 -0.3612850880 -0.0361527259 0.1833106328 -0.1460328479 -0.3395817379 
-9376144.165986 -9376144.165986 0.022447 0.0018790843 0.0000026967 0.0018790158 0.0018775196 -0.0046420897 0.0000031590 -0.0046437627 -0.0046381516 18.6103878302 1.3922720060 18.7157274263 18.1998293236 1.5684217399 0.3050844899 1.6251627310 1.4797317874 -0.1267460335 0.2036323815 -0.0499276967 -0.1687341033 0.2406111314 0.1863671953 0.4062647726 0.2493889827 
-9376185.439930 -9376185.439930 0.022324 -0.0004516951 0.0000024545 -0.0004513995 -0.0004498819 -0.0072853772 0.0000020884 -0.0072867662 -0.0072859678 13.3266806116 1.0181825788 13.3344044950 12.8442953997 1.0914560144 0.2149929225 0.8528147308 1.3085395467 0.1612332461 0.1852462952 0.3922095952 -0.0161338677 0.0942869904 0.1809339267 0.0733071711 0.0223743867 
-9375845.504288 -9375845.504288 0.026299 -0.0009152186 0.0000007959 -0.0009149877 -0.0009145360 -0.0080974842 0.0000010422 -0.0080971661 -0.0080957002 34.7286629688 1.1555404965 34.5184151988 36.4514189522 1.1131968979 0.1353264549 0.9258959234 1.1862147908 -0.3199524318 0.0914410452 -0.3862772967 -0.3924210014 -0.1915025684 0.1071263886 -0.3970099446 -0.1544199805 
-9374984.138386 -9374984.138386 0.029797 -0.0015246901 0.0000010105 -0.0015242802 -0.0015250539 -0.0050437511 0.0000015923 -0.0050450411 -0.0050437161 15.3272504432 0.1043853777 15.4003432275 15.2124161950 1.7074229434 0.0373330484 1.6669320108 1.7269485938 -0.5555900667 0.0174056688 -0.5778101162 -0.5315955393 0.0048038012 0.0861536278 0.0181591063 -0.0232046497 
-9374505.631608 -9374505.631608 0.032269 -0.0026384166 0.0000008473 -0.0026379339 -0.0026391114 -0.0023782236 0.0000005629 -0.0023781925 -0.0023782476 19.4814608680 0.0431460175 19.4895086730 19.4436685140 1.2556914027 0.0371663634 1.2450792408 1.2055787412 -0.0074838615 0.0134151198 -0.0102919358 -0.0278269041 -0.0207410898 0.0077277701 -0.0212895969 -0.0143332248 
-9368567.279920 -9368567.279920 0.033163 0.0084519669 0.0000004331 0.0084520949 0.0084517770 0.0045020579 0.0000005748 0.0045020598 0.0045017575 184.6330564248 1.6452313748 185.7073970967 182.5219966579 3.2564246359 0.0673346237 3.2914704723 3.2709691613 -0.2266596426 0.0134134047 -0.2367048026 -0.2167086011 -0.1837612464 0.0073149241 -0.1837654468 -0.1875736150 
-9375414.557843 -9375414.557843 0.025919 0.0070869479 0.0000008899 0.0070869982 0.0070864049 0.0039032897 0.0000008513 0.0039032720 0.0039048645 51.6714455166 1.3767461651 51.9299234109 50.4204945924 1.5020650305 0.1274096037 1.5204182256 1.3699215181 0.0604815812 0.0809956170 0.0253464932 0.1261462607 -0.2431949467 0.0821709275 -0.2653577137 -0.2489475125 
-9376077.053427 -9376077.053427 0.023522 0.0063822411 0.0000014451 0.0063829759 0.0063824857 0.0067528505 0.0000015059 0.0067523058 0.0067533988 22.3831277701 1.2143056062 22.2277596495 22.3543054704 1.0974441312 0.1806040195 0.7342560306 1.3918814688 -0.0371679922 0.1439267614 -0.0301232534 -0.0155189985 -0.1922579119 0.1712405631 -0.5880787728 0.0352914854 
-9372592.909397 -9372592.909397 0.028460 0.0070569775 0.0000004514 0.0070569131 0.0070561483 0.0065982245 0.0000004565 0.0065982758 0.0065980102 110.7270013251 1.3902430678 111.0395251260 111.6078680345 1.8447574235 0.0593517768 1.8669503574 1.8766300613 -0.0107771196 0.0362476201 -0.0025359422 -0.0327543156 -0.0050223594 0.0405319309 0.0271996451 0.0708658410 
-9375929.503568 -9375929.503568 0.024788 0.0059577401 0.0000017256 0.0059578195 0.0059574196 0.0056759883 0.0000025771 0.0056770606 0.0056749459 35.1714404480 1.5886484209 35.3420608836 33.5820287378 1.9568086712 0.2661371652 2.0232148806 2.3905394490 -0.4179906127 0.1026028954 -0.4313040151 -0.1955535018 0.1680449870 0.1117595282 0.1980041023 0.0520941335 
-9376221.816974 -9376221.816974 0.021143 0.0080860526 0.0000048081 0.0080847533 0.0080894305 0.0066130718 0.0000059957 0.0066115560 0.0066176420 9.8860623771 0.5602004811 9.4513602240 9.8740479518 1.3509108293 0.2923166833 0.8999985941 1.6661539623 -0.1246091645 0.1826115925 -0.2945155144 0.1457363950 0.1748551949 0.2220263356 0.4815519658 0.0257895033 
-9374279.309968 -9374279.309968 0.031720 0.0048928117 0.0000008969 0.0048919755 0.0048938588 0.0003589223 0.0000011059 0.0003603384 0.0003579226 24.5512094313 0.2671994441 24.3076954261 24.8738488504 1.6199684685 0.0459640266 1.5917320971 1.6353099764 -0.4002472826 0.0281547136 -0.4202473494 -0.4122765568 -0.1306104103 0.0564669519 -0.0931736238 -0.2006131783 
-9375109.270827 -9375109.270827 0.030053 0.0048894334 0.0000011430 0.0048890268 0.0048898732 0.0003735204 0.0000008057 0.0003735755 0.0003742463 12.4862360810 0.0809569041 12.4820135544 12.4026929248 1.5405166683 0.0179334590 1.5302758867 1.5157065292 0.1759975148 0.0405159988 0.1797022397 0.1647962707 -0.3565893273 0.0341775953 -0.3525748663 -0.3551381906 
-9376252.620950 -9376252.620950 0.021421 -0.0076185750 0.0000169237 -0.0076130558 -0.0076238842 0.0086866621 0.0000098786 0.0086944611 0.0086791315 9.6366181070 0.4645900731 9.1920783389 9.6975920152 1.7683276856 0.5010529740 2.2209498923 1.8204464951 -0.2572014904 0.2980275189 -0.4179937367 0.2516643977 0.2353386526 0.3770238466 0.5763857882 0.3711323468 
