-9303593.091844 -9303593.091845 0.033049 -0.0078787768 0.0003253671 -0.0077162670 -0.0076774504 -0.0050720925 0.0000611590 -0.0050603585 -0.0050488844 9.3328714965 0.2121377698 9.0137452322 9.8023641854 2.0638980769 0.3912586438 3.0853621606 2.6659800826 -0.1345893201 0.3920196592 -0.5923209771 0.1187012452 0.3486181722 0.2139974774 0.1428936801 0.6131542977 
-9303530.665644 -9303530.665644 0.034943 0.0020963087 0.0000023271 0.0020964227 0.0020963994 -0.0084842161 0.0000020067 -0.0084838640 -0.0084860779 12.8551028737 1.0768641670 11.6315335741 12.1831588534 1.1232319295 0.2881180572 0.4813621192 0.9524551909 0.0553364016 0.1727210359 0.3752501523 -0.3411279380 -0.0917173222 0.1852616635 -0.0521778791 0.0923569904 
-9303460.824257 -9303460.824257 0.036907 -0.0072413789 0.0000027722 -0.0072415947 -0.0072408785 -0.0001796436 0.0000021743 -0.0001793966 -0.0001783397 20.9463308602 1.3683929134 20.5808960346 18.2723238990 1.4841805627 0.2605213871 1.4018952397 1.2376303091 0.2162561610 0.1833717214 0.1927519643 0.2126647033 -0.2785416462 0.1830000316 -0.3746907080 -0.3268810266 
-9303512.091359 -9303512.091359 0.036753 -0.0061248529 0.0000028082 -0.0061249130 -0.0061238992 0.0004204570 0.0000024340 0.0004186933 0.0004181095 15.5195093307 1.1308898920 16.1583364281 13.9282312109 1.2325165135 0.2381212659 0.9444918004 1.0696595505 0.2502420820 0.2048720933 0.5641504649 0.3280281071 -0.2004917202 0.1979369375 -0.2587946427 -0.2182352749 
-9303380.612475 -9303380.612475 0.037191 -0.0082310448 0.0000015280 -0.0082311387 -0.0082334497 0.0019868768 0.0000013965 0.0019861865 0.0019874109 24.7027739492 1.3088563720 25.2076150964 26.2813897924 1.1572600431 0.1672700407 1.1472617176 1.3246178231 -0.0248351898 0.1246193093 0.0113154425 0.0544296420 -0.0840901140 0.1424846530 -0.1278375678 -0.0260813786 
-9299577.004972 -9299577.004972 0.044414 -0.0071053271 0.0000004305 -0.0071053408 -0.0071055959 0.0015783891 0.0000004504 0.0015783656 0.0015786757 116.2612651555 1.4216915037 116.5120050090 116.5122823581 1.8327118153 0.0616645633 1.8310213155 1.8992318683 -0.0548715645 0.0373395844 -0.0636209146 -0.0360506774 0.0868766214 0.0384450905 0.0870240609 0.0022325949 
-9302890.294191 -9302890.294191 0.040225 -0.0072792197 0.0000007043 -0.0072790489 -0.0072794905 0.0022879742 0.0000006635 0.0022878855 0.0022885946 44.4101385235 1.2968342265 44.3122220954 42.3014175144 1.0719711822 0.1005067159 1.0512654272 1.1078847518 -0.0471800697 0.0916531255 -0.0508749126 -0.0155148122 -0.0599539844 0.0909081633 -0.0892371120 -0.0933246266 
-9303171.021738 -9303171.021738 0.038374 -0.0062688837 0.0000012696 -0.0062691329 -0.0062696894 0.0018637484 0.0000014023 0.0018637618 0.0018636629 37.1357575237 1.3955274042 37.3297742859 37.8517247643 1.6881033433 0.1762587088 1.7310980330 1.4991369632 -0.0272322890 0.1073550543 -0.0047167668 0.0921516128 0.0000009169 0.0994147726 0.0332167490 0.0102595030 
-9303531.036945 -9303531.036945 0.034359 -0.0045215709 0.0000036256 -0.0045206243 -0.0045252651 -0.0060009319 0.0000026512 -0.0059988228 -0.0059996791 13.2107214137 1.1898652522 13.3395196493 12.8462993188 1.2775340307 0.3123364692 0.7218057918 1.5377156700 0.1215495758 0.1809467983 0.2786546045 0.2320740460 0.1036030515 0.2038508401 0.5139941353 0.0617827792 
-9303527.747629 -9303527.747629 0.038642 -0.0029408021 0.0000012462 -0.0029399550 -0.0029406634 -0.0001019522 0.0000011984 -0.0001014290 -0.0001027741 13.0061348300 0.9711236374 12.0862874050 14.3871143868 0.7174254892 0.1498681883 0.4586944543 0.7687677502 -0.0283920435 0.1452390563 0.1835704222 -0.2505067002 0.1068208306 0.1252357540 0.0674347112 0.1450782575 
-9303547.047353 -9303547.047353 0.033401 -0.0059993328 0.0000027515 -0.0059997669 -0.0060052039 -0.0086037689 0.0000032056 -0.0086031335 -0.0086078156 11.4530996306 1.2557565776 11.3742488803 11.4825377143 1.2341303572 0.2863570164 0.8378734929 1.2099327605 -0.1710527219 0.2120067215 -0.4355200139 -0.3703358598 0.1175861140 0.2032201814 0.2011578399 0.5432047053 
-9303154.703621 -9303154.703621 0.038828 -0.0062178582 0.0000011691 -0.0062183015 -0.0062157123 -0.0072404512 0.0000011595 -0.0072406750 -0.0072394216 36.9812113088 1.3101835380 37.0311308123 38.4898337997 1.5056207642 0.1537043920 1.5275878514 1.6166152860 -0.0357554953 0.1093361239 -0.0485528979 -0.0095720083 0.0012822302 0.1185733989 -0.0542838204 0.0343974560 
-9302550.030995 -9302550.030995 0.041041 -0.0062489875 0.0000009361 -0.0062490425 -0.0062485121 -0.0061887166 0.0000007527 -0.0061889943 -0.0061885700 57.9656215204 1.3877123467 57.8975858872 57.1503199704 1.5548807627 0.1140415051 1.5278094332 1.3779467318 0.1742161034 0.0816825717 0.2169589680 0.3983893197 0.1280870777 0.0718527826 0.1567891781 0.1666114106 
-9303407.494461 -9303407.494461 0.038888 -0.0065681916 0.0000011279 -0.0065688434 -0.0065672241 -0.0062426153 0.0000011549 -0.0062430852 -0.0062422703 22.7247281774 1.2203695537 21.4017049139 24.0461173417 1.1447619656 0.1553436210 0.8852129389 1.3463367302 -0.1243239750 0.1160264263 -0.1916849193 -0.0875690204 0.0155465242 0.1385948626 -0.0875479917 -0.0562989245 
-9301570.118422 -9301570.118422 0.043833 -0.0072837327 0.0000005342 -0.0072840223 -0.0072830723 -0.0084726828 0.0000005454 -0.0084726078 -0.0084732977 81.4930032273 1.3201094571 81.7578955095 83.4434724105 1.6923152089 0.0731463996 1.7325501689 1.8246647475 0.0156408588 0.0684877616 0.0278011898 -0.0498434832 0.1275474881 0.0374841425 0.0954915041 0.1288502810 
-9302533.475337 -9302533.475337 0.042796 -0.0073782656 0.0000011380 -0.0073784530 -0.0073775549 -0.0034896714 0.0000008485 -0.0034896312 -0.0034900908 61.4893676062 1.5045625590 61.6014115963 61.0403056747 1.7105276849 0.1383458909 1.7415716122 1.4775880169 0.3192007535 0.0646357897 0.3169991473 0.3298912447 -0.3247668200 0.0631240352 -0.3290012380 -0.3388850073 
-9303591.468483 -9303591.468487 0.033504 0.0031656754 0.0000233467 0.0031664513 0.0031694118 0.0008350942 0.0000263909 0.0008312746 0.0008259155 9.3717975241 0.2901182785 9.4134315042 10.3553459731 2.0118441903 0.4005147451 3.5484322479 2.7430808685 0.1621941149 0.3204412643 0.1843440553 0.5952278194 -0.1959285453 0.3009773136 -0.6383184548 -0.4004882805 
-9303588.181828 -9303588.181829 0.033647 0.0075514687 0.0000653892 0.0075579520 0.0075653719 -0.0081471781 0.0000100741 -0.0081425946 -0.0081322612 9.2337608887 0.1461954276 9.0126281099 9.2803157483 1.9165263359 0.3116721790 1.5420169630 2.0788831529 -0.2577990510 0.2884464661 -0.3320130812 0.2110207375 0.2826705274 0.2858485583 0.5098176131 0.6265691859 
-9303099.578809 -9303099.578809 0.041810 -0.0030538818 0.0000014197 -0.0030541819 -0.0030548258 0.0010511576 0.0000011795 0.0010510637 0.0010526362 41.4042327644 1.3435633989 41.8186073632 43.2675770664 1.6494358305 0.1218562789 1.5750954349 1.6408661733 0.1422125048 0.0873051754 0.1584370109 0.1690087455 0.3866011091 0.0637290959 0.4263938806 0.4459530856 
-9303219.012799 -9303219.012799 0.046890 -0.0030553816 0.0000013516 -0.0030544580 -0.0030551808 0.0010503052 0.0000011901 0.0010509702 0.0010493519 20.6946503768 0.0894087045 20.7665739103 20.6599494044 1.2731370677 0.0298480555 1.2573919371 1.2798584024 0.0284033287 0.0140199053 0.0037078090 0.0330935496 -0.0466120527 0.0174948010 -0.0088656870 -0.0529535204 
-9303392.357214 -9303392.357214 0.037121 -0.0013982581 0.0000017253 -0.0013987265 -0.0013953522 0.0019713190 0.0000015788 0.0019713595 0.0019710057 24.8253139051 1.2553304818 24.9326426228 26.3772480473 1.4052579691 0.1913204831 1.3269512724 1.4647567964 0.0509015232 0.1519444814 0.1492649865 0.1604911727 -0.0768974681 0.1299637575 -0.1874701066 0.0720147909 
-9303396.940422 -9303396.940422 0.041217 -0.0018115694 0.0000033889 -0.0018106413 -0.0018164604 0.0026074593 0.0000023458 0.0026069527 0.0026039878 28.9190280458 1.5460733465 30.7955070764 28.1585257797 2.3865948024 0.2998840604 2.6207404462 2.7854158761 0.4949482572 0.0588219974 0.5379149560 0.5104655410 -0.1279735171 0.0911057989 -0.0248521252 -0.0150708094 
-9303523.760428 -9303523.760428 0.035272 -0.0022381594 0.0000021489 -0.0022394073 -0.0022363520 0.0018063234 0.0000017791 0.0018067758 0.0018051028 13.4930972985 1.1680797460 13.1790149396 12.3372683801 0.9158658406 0.2073078223 0.5470129140 0.9378714735 0.0252870211 0.1612420015 0.1858066118 0.2977797343 0.0235968137 0.1834242750 0.2698680337 -0.0338909624 
-9303532.485703 -9303532.485703 0.034682 -0.0026983335 0.0000030268 -0.0027009020 -0.0026941721 -0.0011579463 0.0000020658 -0.0011586463 -0.0011559423 12.8065425549 1.1431674846 12.9808538725 13.2797046285 1.0496441629 0.2275151531 0.5959818696 0.5699814695 0.1507906391 0.1878092365 0.6790303834 0.1331547192 0.0459589749 0.1930583465 0.1159478682 0.2696408213 
-9295868.071043 -9295868.071043 0.048003 -0.0026358535 0.0000006053 -0.0026356976 -0.0026355294 -0.0023776803 0.0000003535 -0.0023777005 -0.0023779301 178.2581626206 1.7481181680 178.0672923558 181.3435246628 2.1513587810 0.0886021612 2.1507920808 2.2326768310 0.4598309928 0.0213284411 0.4611947207 0.4657597760 -0.2969363791 0.0234546290 -0.2930077547 -0.2630176727 
-9303558.343248 -9303558.343248 0.034011 0.0014395895 0.0000038100 0.0014394604 0.0014456003 0.0018648082 0.0000038213 0.0018646284 0.0018668885 10.2621270608 0.8606364002 9.4576832188 11.0369723658 1.2545308295 0.2595994283 0.8901895081 1.2074915672 -0.0969642702 0.1896350731 0.1089882983 0.0158792969 0.1753050316 0.2227486825 0.5018608389 0.0911473130 
-9303522.355568 -9303522.355568 0.046439 -0.0031534536 0.0000034759 -0.0031511281 -0.0031475529 -0.0048411561 0.0000020328 -0.0048423332 -0.0048419846 11.8371030082 0.3469063981 12.9886840102 11.5184891123 1.6469689247 0.0835629505 1.3818718628 1.6865289526 0.3204576258 0.2293036900 0.6311722843 0.2987236010 -0.3543466562 0.1267809417 -0.0444939914 -0.4570720778 
-9303554.098150 -9303554.983001 0.032655 -0.0022625846 0.0000040312 -0.0022623570 -0.0022619159 -0.0047685845 0.0000019920 -0.0047683479 -0.0047677441 11.0906213859 0.8337485689 11.6313173874 9.9249027755 1.2703147901 0.2939354203 0.9527850854 0.9973506783 0.5120372229 0.1280232585 0.6405855514 0.4910468250 0.0374391592 0.0838204481 0.0129214562 0.0712141400 
-9303441.936421 -9303441.936421 0.036659 -0.0031447730 0.0000016714 -0.0031442695 -0.0031415871 -0.0048771374 0.0000024664 -0.0048775710 -0.0048750242 21.9181297869 1.3997276367 21.8327549303 21.9643074374 1.3406384942 0.2688609091 1.0147941293 1.4796102895 -0.3032582358 0.1636071661 -0.4802764595 -0.1569260121 0.1813317820 0.1553500772 0.3222578406 0.0720241829 
-9303522.198025 -9303522.198025 0.036129 -0.0027772281 0.0000023849 -0.0027768361 -0.0027799498 -0.0078962889 0.0000016401 -0.0078972890 -0.0078952456 13.9167474485 1.2241028352 12.7558741935 14.4017941916 0.9935320341 0.2671911098 0.4782824802 0.8661953525 0.1808030834 0.1782007678 0.2328786181 0.1775701975 0.1711954062 0.1382969833 0.3306960906 0.2319499156 
-9303585.155546 -9303585.155546 0.033326 0.0078221022 0.0000194990 0.0078284389 0.0078347069 0.0055000128 0.0000262837 0.0054914402 0.0054878485 9.3167012055 0.2357841484 9.0170408912 9.3699850070 1.9859389810 0.4655692186 1.5855555704 2.1381968025 0.1278721060 0.3307752189 0.3663258626 -0.0520856185 -0.3721642156 0.3556010531 -0.6564679181 -0.4259894905 
-9303511.131090 -9303511.131090 0.036961 0.0028773536 0.0000017074 0.0028789403 0.0028766113 0.0066646157 0.0000023495 0.0066642998 0.0066631591 15.0568543318 1.1358048980 14.9510964336 15.6333998675 0.9535957045 0.2068101898 0.5893698971 1.2159025372 -0.0805085070 0.1936717148 0.0966302353 -0.1311567088 0.2880401774 0.1546193014 0.5038606058 0.2903291021 
-9302306.213747 -9302306.213747 0.042566 0.0019457514 0.0000005596 0.0019459083 0.0019456458 0.0056193215 0.0000005691 0.0056192179 0.0056192322 62.2569382311 1.2452567839 62.6291087365 64.7071379891 1.3466028803 0.0892979437 1.3953537950 1.5210662641 0.0136327014 0.0727523932 0.0537091187 -0.0646804887 -0.1366683998 0.0781290604 -0.1350020830 -0.1220894485 
-9303582.261838 -9303582.261838 0.032612 0.0014986761 0.0000243788 0.0014945785 0.0014908543 0.0038722653 0.0000255929 0.0038723052 0.0038487800 9.4182840773 0.3139450016 9.0024056851 9.3405460797 2.0826732001 0.5283053199 1.8407932735 1.7447519584 -0.1997167261 0.3311455460 -0.1279521609 -0.3447623486 0.0198301685 0.4602363485 0.7454915854 0.4971217623 
-9303540.634885 -9303540.634885 0.035684 0.0004956822 0.0000024875 0.0004947908 0.0004951885 0.0026429925 0.0000030121 0.0026429277 0.0026399503 11.6741477382 0.9779462100 12.0475031040 11.0841495958 1.0938110136 0.1859560950 0.9337275293 1.3919928645 -0.0410661309 0.1965341398 -0.1522097467 -0.0722961267 0.0573458413 0.2574347083 0.1436383581 -0.2393617096 
-9303461.071253 -9303461.071253 0.042827 -0.0018180271 0.0000033824 -0.0018165483 -0.0018216993 0.0026121652 0.0000033199 0.0026133368 0.0026135099 12.6592646343 0.3162834021 12.9122273859 12.8602457959 1.5233998587 0.0421478450 1.5389384456 1.5001630877 0.5549338104 0.0626108156 0.6052662467 0.4786343372 0.2116294088 0.1128216311 0.0827389348 0.3617669842 
-9303589.666708 -9303589.666723 0.033085 -0.0017093804 0.0000634125 -0.0017193614 -0.0016675531 0.0051441173 0.0000470716 0.0051676657 0.0051519749 9.3052763967 0.2597380077 9.2657455094 9.1566091158 2.1002922324 0.4662561247 3.0831922851 1.9468025139 0.0662560620 0.3887495413 0.7122232098 -0.2637858861 -0.2718871621 0.3163170553 -0.1230871783 -0.1812272300 
-9303341.594276 -9303341.594276 0.041790 0.0036715444 0.0000010008 0.0036717149 0.0036707958 0.0081527088 0.0000007303 0.0081533211 0.0081530769 25.8815913904 1.0448997666 25.3126869247 25.8088740352 0.8858102050 0.1278862840 0.7430065183 0.7272508089 0.1034180280 0.0877056105 0.2343924520 -0.0005859816 -0.1025149469 0.1061655940 -0.0399310424 -0.1729717409 
-9303588.065278 -9303588.065342 0.034142 0.0043824077 0.0001458201 0.0044109548 0.0044139426 0.0069459078 0.0002208640 0.0070194063 0.0070388705 9.5471052857 0.4286198782 9.1715173574 9.4935407889 2.6181645770 0.4280781533 2.9561941973 3.2183164023 -0.5261084675 0.2381287546 -0.7545894153 -0.4334080302 -0.0161938166 0.3228429775 -0.0029736470 -0.4957926706 
-9303231.097237 -9303231.097237 0.039888 0.0059579512 0.0000016682 0.0059578406 0.0059565967 0.0056769670 0.0000025874 0.0056761257 0.0056766738 37.9576105841 1.6233319042 38.6201270658 36.7804648651 2.0878393064 0.2788261832 2.2163694326 1.8097355009 -0.4271269307 0.1002456100 -0.4337565659 -0.6040156636 0.1860118461 0.1084631170 0.1702671224 0.0821250961 
-9303550.937563 -9303550.937563 0.032804 0.0080869185 0.0000046439 0.0080858522 0.0080879109 0.0066135590 0.0000053474 0.0066141122 0.0066093989 11.1245567980 1.1543293108 11.5940242300 10.0717840939 1.3880231558 0.3207228820 0.9828547840 1.2729739442 -0.0881943681 0.2267056807 -0.2866882561 -0.0190943669 0.1550083955 0.2405988815 0.4768345034 -0.0058355817 
-9298233.990251 -9298233.990251 0.049568 0.0052582520 0.0000006041 0.0052582859 0.0052588877 -0.0008721157 0.0000011405 -0.0008722246 -0.0008743802 175.0224093872 2.1326378213 175.4781214152 176.7453445434 3.6965853103 0.0991162518 3.8082376604 3.7497045491 -0.5684121396 0.0171570087 -0.5576857011 -0.5790949026 -0.0930982908 0.0237563222 -0.0870658524 -0.0819306406 
-9302909.844181 -9302909.844181 0.057217 0.0052344556 0.0000021862 0.0052320274 0.0052324808 -0.0006947086 0.0000009989 -0.0006954931 -0.0006958883 32.5497736110 0.1652918244 32.4323690300 32.4315098989 1.9061543015 0.0084961455 1.9032528123 1.8980728626 -0.6412348726 0.0042538337 -0.6371914554 -0.6437834941 -0.3893951177 0.0085473127 -0.4022084204 -0.3801188080 
-9302991.425351 -9302991.425351 0.058633 0.0052720652 0.0000012718 0.0052718020 0.0052716136 -0.0008492087 0.0000015675 -0.0008497099 -0.0008487871 9.5857367972 0.0085683360 9.5830846619 9.5776990449 1.8263804220 0.0053301113 1.8253392725 1.8316720649 0.1348270292 0.0047443251 0.1363792591 0.1291124053 -0.1428624653 0.0025308519 -0.1424221956 -0.1459498312 
-9302916.950035 -9302916.950035 0.040960 0.0034715537 0.0000006466 0.0034714937 0.0034702463 -0.0069199754 0.0000006648 -0.0069198031 -0.0069198377 42.7410157412 1.1984723005 42.6644889475 41.6692369303 0.9358207750 0.0811667590 0.9094027047 0.9203282633 -0.0604164801 0.0962020206 -0.0965069750 -0.0631045114 -0.0043111051 0.0952401938 -0.0572649521 -0.0019947536 
-9303296.926943 -9303296.926943 0.040017 0.0032908829 0.0000010104 0.0032911673 0.0032923939 -0.0078098020 0.0000013187 -0.0078086862 -0.0078087108 29.5621384228 1.2352555770 29.8351868400 32.1463027503 1.0521192864 0.1532939314 0.7208551441 1.0325818500 -0.2052887800 0.1110173404 -0.3032080296 -0.1433455888 0.2948314464 0.1288520419 0.5298232525 0.4249289332 
-9303245.199672 -9303245.199672 0.043868 0.0047347091 0.0000028319 0.0047322739 0.0047350405 -0.0081472871 0.0000052735 -0.0081420519 -0.0081445824 40.0199829580 1.8691559731 41.5120384899 41.5933131127 2.3308120176 0.3534876650 3.1737122050 1.9754797935 -0.5976918145 0.1068422868 -0.6188559862 -0.7176227569 -0.1869820446 0.2318117041 -0.3116587394 -0.2197133882 
-9303588.006834 -9303588.007095 0.033583 0.0004460958 0.0005092785 0.0001548637 0.0001483312 -0.0061612486 0.0002756270 -0.0060233098 -0.0060161339 9.5247173806 0.3874401084 9.1766350170 9.2019664197 1.9699705171 0.3451654806 1.6526173768 1.8159616414 -0.1521565831 0.2850731431 -0.0365443077 -0.0309472018 -0.1218087032 0.2144546476 -0.4234341733 -0.0641488377 
-9303529.133618 -9303529.133618 0.036478 0.0077065731 0.0000029719 0.0077057666 0.0077100320 -0.0000408138 0.0000017943 -0.0000407174 -0.0000387980 13.3129923003 1.0825864442 12.6202171510 13.3619748950 1.0645067367 0.1855784043 0.8014945066 1.2701177701 0.0822780669 0.1323336442 0.3890264194 0.0213867394 0.0622110439 0.1401873387 0.0813377997 0.0590023523 
-9303356.861610 -9303356.861610 0.038987 0.0014393717 0.0000010975 0.0014392640 0.0014385909 -0.0027538781 0.0000012420 -0.0027537758 -0.0027532490 25.9186610279 1.2069751900 25.1952012345 24.5311043916 1.1318735678 0.1811843043 0.8344491111 1.1345103170 -0.0915985473 0.0969330853 -0.1176972099 -0.1404404080 0.1228088616 0.1265458627 0.3824982937 0.2973242972 
-9303543.421662 -9303543.421662 0.034490 0.0014483181 0.0000028363 0.0014504937 0.0014519303 -0.0031268210 0.0000033049 -0.0031292066 -0.0031234541 11.8563383134 1.0033391702 10.5582655469 13.1264441953 1.1825150834 0.2783607393 0.6363474090 1.1935252475 0.0324166585 0.2088292008 0.1410627289 0.3447200848 0.1762885258 0.1657375134 0.0808089848 0.2783594937 
-9302838.454022 -9302838.454022 0.045719 0.0052637647 0.0000017988 0.0052627023 0.0052621910 -0.0008735693 0.0000021671 -0.0008724114 -0.0008712669 11.3183675496 0.1013044259 11.3370766775 11.1715833611 1.6839489205 0.0498096553 1.6903614310 1.6097093211 -0.4300814168 0.1362357836 -0.4820151406 -0.4673222782 -0.4274255339 0.1006198961 -0.4181157856 -0.4138404547 
-9303590.368395 -9303590.368409 0.033854 0.0038811232 0.0000252742 0.0038731775 0.0038906939 0.0047107577 0.0000155351 0.0047182266 0.0047015155 9.4037342942 0.3314674733 9.3520651186 10.1766341496 2.0949035645 0.3370356736 2.7523018472 2.8418038943 0.0659544228 0.4415665540 0.6294365551 -0.5637289439 0.2051705749 0.3383972046 0.3093881528 -0.0358814269 
-9301738.255968 -9301738.255968 0.044771 -0.0020175559 0.0000009797 -0.0020178841 -0.0020155016 -0.0066842816 0.0000008979 -0.0066845375 -0.0066837809 85.9933157063 1.4484502038 86.4353683075 88.0331129202 2.6872952757 0.1273983642 2.6983154126 2.7349526198 0.0664529554 0.0494688064 0.0752647988 0.0308623641 0.1944394408 0.0517341108 0.2031111099 0.2431026435 
-9303590.675218 -9303590.676984 0.032923 0.0064311265 0.0001207006 0.0064346445 0.0064396992 -0.0068997375 0.0000463157 -0.0069625677 -0.0069305653 9.4179381046 0.3675014548 9.4010583126 9.2336279056 2.2226317162 0.4635149172 3.7048651871 1.8585331449 -0.1787633781 0.4059874652 -0.7180986172 -0.3291488629 -0.1138047571 0.3823572286 0.1493558503 -0.3116445341 
-9303589.994288 -9303590.000006 0.033660 0.0067195609 0.0000127456 0.0067175840 0.0067402109 -0.0065549190 0.0000168425 -0.0065453356 -0.0065702971 9.2338664692 0.1838310976 9.1802597883 9.0318779531 2.2250134268 0.5549562862 3.2318426628 2.4197318588 -0.1572668967 0.3364513376 -0.6682255031 -0.2061216504 -0.0737622397 0.4172289208 0.3295814838 -0.4168970666 
-9303543.878643 -9303543.878643 0.034926 0.0004032035 0.0000025164 0.0004030551 0.0004037456 0.0062207727 0.0000030864 0.0062205072 0.0062166820 11.5267706976 0.9061122440 12.0323262156 12.6707209955 1.0533450508 0.2393910311 0.7809824418 1.3285799319 -0.0918327035 0.1743776932 -0.3596766364 0.0412146663 -0.0798851830 0.1860996531 -0.1675943730 -0.0574334556 
-9303591.343797 -9303591.343808 0.032969 -0.0004451958 0.0000215059 -0.0004551138 -0.0004738860 0.0028327658 0.0000342050 0.0028514685 0.0028612173 9.5528726435 0.4420744561 9.1856375773 10.2265222211 1.7793108398 0.4500845406 1.5764446390 2.6032236677 -0.1855659955 0.2458660546 -0.3357981503 0.0634678448 -0.2891964706 0.3752479989 -0.6572360529 -0.4223145691 
-9303501.822026 -9303501.822026 0.041198 -0.0072436245 0.0000047665 -0.0072424734 -0.0072361270 -0.0001793264 0.0000026652 -0.0001800203 -0.0001790753 10.7158718020 0.2973173031 10.6101954043 11.0059959281 1.7448365537 0.1539999389 1.6932447270 1.8811637883 0.3599131547 0.1265547643 0.3829821447 0.4782227609 0.2219233993 0.1399279015 0.1838937082 0.1918352231 
-9300608.733070 -9300608.733070 0.060998 -0.0026332238 0.0000007747 -0.0026332137 -0.0026323433 -0.0023770584 0.0000005048 -0.0023772656 -0.0023778267 36.0440916929 0.0268136054 36.0592220570 36.0544002989 1.1551086108 0.0004826053 1.1545336598 1.1548119538 0.5789796829 0.0005395566 0.5795088344 0.5792900765 0.1121584625 0.0024003451 0.1108930865 0.1109973283 
-9303561.418442 -9303561.418442 0.035377 0.0000596338 0.0000047047 0.0000575585 0.0000582822 0.0082501485 0.0000036343 0.0082518552 0.0082451865 10.0864465099 0.7561053577 9.7900524727 9.1574846448 1.5338089311 0.2373001425 1.1209451422 1.6901356839 0.0605272435 0.2027810532 0.1592614168 -0.0101568303 0.1076853942 0.1999281355 0.1739356555 0.0555022035 
-9303583.269431 -9303583.454307 0.032707 -0.0003274675 0.0000239322 -0.0003326185 -0.0002076666 0.0076589488 0.0000782419 0.0076500319 0.0080753588 9.4645684807 0.3420564017 9.2249874453 9.7478025352 2.0225993053 0.3608260463 1.9782691903 3.4774536671 -0.4149654807 0.1566474431 -0.5859365021 -0.6133576954 -0.4011174510 0.1555672149 -0.4324936918 -0.1094083833 
-9294121.261160 -9294121.261160 0.048030 -0.0027699597 0.0000003877 -0.0027700090 -0.0027697564 0.0081600960 0.0000004130 0.0081601241 0.0081597968 191.5107404979 1.6561949541 191.6318940612 193.1864555489 2.3830016278 0.0639639787 2.3811873677 2.3276272057 -0.0773690832 0.0243910505 -0.0806536783 -0.1064610124 -0.3089019950 0.0234645996 -0.3159505468 -0.3086630676 
-9303592.457775 -9303592.457784 0.034018 -0.0043444836 0.0000329365 -0.0043432765 -0.0043760358 0.0074953883 0.0000263376 0.0074834709 0.0075113096 9.4473853629 0.3116780761 9.1667155930 9.4821642619 2.0816930196 0.4761433795 2.3752740304 1.5010105241 -0.2017382423 0.3794110469 0.2137670274 -0.5352608628 -0.2341146509 0.4300407414 -0.7072465376 -0.5258290755 
-9303591.075073 -9303591.075074 0.033286 -0.0044480717 0.0000345933 -0.0044332173 -0.0044425080 0.0086112256 0.0000222852 0.0086242368 0.0086158840 9.4075179149 0.4133253577 9.1820911535 9.3971355811 1.6388975913 0.3195037735 1.9497773302 2.0471322377 0.0061304789 0.3870545758 -0.5253380193 -0.4376438928 0.2736052355 0.2954984029 0.5123105478 -0.0362853777 
-9302861.746634 -9302861.746634 0.047665 -0.0027807678 0.0000000000 -0.0027807678 -0.0027807678 0.0081986390 0.0000000000 0.0081986390 0.0081986390 9.4280081034 0.0000000000 9.4280081034 9.4280081034 1.8638023488 0.0000000000 1.8638023488 1.8638023488 0.0728103953 0.0000000000 0.0728103953 0.0728103953 0.3853518379 0.0000000000 0.3853518379 0.3853518379 
-9302976.823282 -9302976.823282 0.045367 -0.0042899392 0.0000009223 -0.0042905051 -0.0042921369 0.0054419592 0.0000007818 0.0054417082 0.0054423208 42.8831148048 1.3355826569 42.0381549121 41.2782192249 1.6419512723 0.1093369217 1.5140772895 1.4963669922 0.0667139718 0.0446147590 0.1352949240 0.1201730404 0.1692469656 0.0527660748 0.1150666901 0.1126890418 
-9302201.207625 -9302201.207625 0.051692 -0.0027648839 0.0000012205 -0.0027648418 -0.0027665272 0.0081511854 0.0000009654 0.0081517126 0.0081506049 14.4989610191 0.0904520433 14.4672455722 14.4593435189 1.5938623379 0.0249042117 1.5990128618 1.5544665140 0.4243045304 0.0047252220 0.4165384678 0.4221262509 -0.0130125070 0.0088470334 -0.0164766282 -0.0060654385 
-9303461.020836 -9303461.020836 0.041654 -0.0018107636 0.0000041565 -0.0018056075 -0.0018080473 0.0026086608 0.0000029243 0.0026061792 0.0026093132 12.1048421958 0.1965707029 12.4520890881 12.0933067264 1.5358902870 0.1591692738 1.3596388627 1.2847915447 0.4129458796 0.1488260541 0.5053978783 -0.0122254161 0.1875571640 0.0983109427 0.2072866572 0.2809348941 
-9301204.260975 -9301204.260975 0.057313 -0.0087149763 0.0000011679 -0.0087162588 -0.0087162759 0.0052258776 0.0000008399 0.0052263680 0.0052261436 84.8385960603 0.2645016789 85.2081759597 84.8828631862 3.2204994299 0.0553792436 3.1194680213 3.1885308412 -0.0932604269 0.0029205593 -0.0946142309 -0.0949990322 -0.2015372375 0.0018371034 -0.2008016905 -0.1998426453 
-9303538.173103 -9303538.173103 0.034338 -0.0057800796 0.0000042872 -0.0057786505 -0.0057840937 0.0052478950 0.0000044888 0.0052451375 0.0052541934 12.6552080827 1.2395028327 14.6074776432 12.2906653013 1.4995612529 0.3245847754 1.4316036848 0.8817942457 -0.0702474472 0.2263843255 -0.0347405050 0.2218441709 -0.2532192004 0.2152762779 -0.5628095702 -0.4777537139 
-9303486.799450 -9303486.799450 0.035845 -0.0076689994 0.0000023773 -0.0076693495 -0.0076722786 -0.0065536588 0.0000026500 -0.0065521854 -0.0065544227 17.8935091214 1.1968812452 17.8186775820 17.3579421444 1.3246477253 0.2303922176 1.0233697379 1.1387888331 -0.1684889300 0.1714948657 -0.2872840827 0.0330515975 0.1260219397 0.1732229860 0.3698774007 0.0442023789 
