-3.487000000000000082e-03 4.291999999999999808e-03 4.826393999999999629e+00 6.281839999999999646e-01 -1.055019999999999986e-01 -5.942000000000000060e-02 6.574567000000000050e+00
-2.534999999999999927e-03 4.329999999999999648e-03 3.608570999999999973e+00 4.027029999999999776e-01 -1.168649999999999967e-01 -3.178999999999999968e-03 4.940439999999999721e+00
-4.699999999999999724e-05 2.641999999999999817e-03 3.094323999999999852e+00 3.760850000000000026e-01 4.770499999999999741e-02 6.657699999999999729e-02 4.239783000000000079e+00
-4.083999999999999957e-03 4.886999999999999851e-03 6.863631999999999955e+00 6.015810000000000324e-01 6.568100000000000049e-01 -1.144410000000000011e-01 9.280312000000000339e+00
-5.067000000000000323e-03 6.790000000000000245e-04 4.574025999999999925e+00 7.979610000000000314e-01 2.681769999999999987e-01 -3.810109999999999886e-01 6.192897999999999570e+00
4.213999999999999864e-03 6.742999999999999862e-03 5.747344000000000008e+00 6.961990000000000123e-01 -1.851059999999999928e-01 3.239500000000000018e-02 7.817574999999999719e+00
-3.190999999999999826e-03 1.579999999999999916e-04 5.951369999999999827e+00 4.580040000000000222e-01 -8.290699999999999459e-02 6.262720000000000509e-01 8.086138999999999299e+00
-4.812000000000000305e-03 -2.736000000000000151e-03 6.161885999999999974e+00 8.786570000000000213e-01 -7.627499999999999558e-02 -1.192089999999999955e-01 8.358867000000000047e+00
3.861999999999999982e-03 -1.239000000000000084e-03 5.042567000000000021e+00 4.935729999999999840e-01 2.694250000000000256e-01 8.620899999999999397e-02 6.881577000000000055e+00
3.795000000000000196e-03 -5.340000000000000129e-03 3.817429999999999879e+00 7.014049999999999452e-01 -6.369099999999999762e-02 2.929069999999999729e-01 5.187421999999999755e+00
3.150000000000000131e-04 4.863000000000000135e-03 8.789032999999999873e+00 1.526373999999999898e+00 -4.958620000000000250e-01 -7.016200000000000214e-02 1.178852999999999973e+01
-7.370000000000000249e-04 -4.539999999999999765e-04 9.203706000000000387e+00 6.059520000000000461e-01 1.649940000000000018e-01 5.270400000000000085e-02 1.253859199999999952e+01
6.903000000000000282e-03 -4.385000000000000009e-03 3.386728000000000183e+00 7.514750000000000041e-01 -1.075239999999999946e-01 2.941500000000000226e-01 4.597730999999999568e+00
-3.445000000000000145e-03 -1.626000000000000058e-03 4.635458999999999996e+00 6.005989999999999940e-01 -2.149560000000000082e-01 2.806370000000000253e-01 6.308399999999999785e+00
-4.198000000000000342e-03 5.679000000000000020e-03 3.880100000000000104e+00 6.079489999999999617e-01 2.315540000000000098e-01 -3.797400000000000081e-02 5.284095999999999904e+00
5.519999999999999733e-04 -6.687000000000000235e-03 4.707347999999999644e+00 1.483651999999999971e+00 -4.992900000000000116e-02 1.400679999999999981e-01 6.338948000000000249e+00
-5.811000000000000193e-03 -2.790000000000000054e-04 3.478743999999999836e+00 7.617119999999999447e-01 4.752300000000000274e-02 -2.609790000000000165e-01 4.724174999999999791e+00
-4.728999999999999697e-03 5.087999999999999641e-03 4.014574999999999783e+00 6.776370000000000449e-01 -1.619990000000000041e-01 5.756800000000000112e-02 5.462744999999999962e+00
-5.969999999999999613e-03 -2.667999999999999799e-03 5.272745999999999711e+00 6.754970000000000141e-01 2.742220000000000213e-01 2.354610000000000036e-01 7.162703999999999738e+00
-4.484000000000000138e-03 -5.815999999999999989e-03 4.451793000000000333e+00 8.532549999999999857e-01 -1.577929999999999888e-01 4.808399999999999896e-01 6.017305000000000348e+00
8.694999999999999604e-03 -1.699999999999999987e-05 6.759793000000000163e+00 4.186329999999999774e-01 -1.362599999999999922e-01 -6.806999999999999683e-03 9.250287999999999400e+00
3.351999999999999945e-03 -2.944000000000000002e-03 3.197534000000000098e+00 6.779399999999999871e-01 9.065199999999999647e-02 1.843519999999999881e-01 4.349515000000000242e+00
-2.328999999999999907e-03 -1.827000000000000065e-03 3.739250000000000185e+00 8.029220000000000246e-01 -6.317100000000000493e-02 1.278539999999999954e-01 5.077768999999999977e+00
-5.714000000000000329e-03 -3.619999999999999954e-03 5.320203000000000237e+00 5.100850000000000106e-01 3.241299999999999737e-02 2.668499999999999761e-01 7.258702000000000432e+00
1.791000000000000057e-03 5.513999999999999804e-03 4.944396000000000235e+00 7.722329999999999472e-01 -7.946999999999999204e-03 4.167109999999999981e-01 6.701284000000000241e+00
-1.399999999999999877e-04 -5.723999999999999921e-03 4.788267000000000273e+00 8.735009999999999719e-01 -7.520399999999999308e-02 -6.707399999999999474e-02 6.496742000000000239e+00
-1.147000000000000016e-03 -8.314999999999999475e-03 4.276398000000000366e+00 6.886780000000000124e-01 4.504059999999999730e-01 -2.742789999999999950e-01 5.793862999999999985e+00
-6.694000000000000297e-03 -4.755999999999999811e-03 3.622196000000000193e+00 5.554829999999999490e-01 6.951899999999999746e-02 8.712799999999999712e-02 4.940934000000000381e+00
5.527999999999999928e-03 6.145000000000000288e-03 3.059905999999999793e+00 7.292429999999999746e-01 7.679600000000000315e-02 1.169649999999999995e-01 4.159944999999999560e+00
-4.556000000000000154e-03 -5.812000000000000326e-03 3.036236999999999853e+00 5.463090000000000446e-01 -1.487709999999999866e-01 1.010429999999999939e-01 4.141744000000000092e+00
-6.694000000000000297e-03 -4.755999999999999811e-03 3.622196000000000193e+00 5.554829999999999490e-01 6.951899999999999746e-02 8.712799999999999712e-02 4.940934000000000381e+00
-2.300000000000000070e-04 6.104000000000000051e-03 4.738827999999999818e+00 7.886419999999999542e-01 -3.761899999999999966e-02 -8.072799999999999421e-02 6.438009000000000093e+00
-5.150000000000000498e-04 -7.211000000000000396e-03 5.991723000000000354e+00 3.999610000000000110e-01 4.771340000000000026e-01 3.026039999999999841e-01 8.166033000000000541e+00
-5.614000000000000067e-03 4.186999999999999750e-03 9.859106000000000591e+00 9.049599999999999866e-01 8.623599999999999322e-02 -4.576250000000000040e-01 1.332801199999999930e+01
4.448999999999999830e-03 3.193999999999999791e-03 3.693478999999999957e+00 5.062539999999999818e-01 1.139590000000000047e-01 -3.350100000000000300e-02 5.043509000000000242e+00
-5.550000000000000462e-04 -3.840000000000000097e-04 6.570249999999999702e+00 8.475829999999999753e-01 -1.138050000000000034e-01 3.601399999999999740e-02 8.917360000000000397e+00
3.305999999999999911e-03 6.217000000000000304e-03 3.109952999999999967e+00 6.270210000000000505e-01 -4.294290000000000052e-01 3.631630000000000136e-01 4.216976999999999975e+00
1.859999999999999945e-04 -6.695000000000000430e-03 9.338086999999999804e+00 1.154578000000000104e+00 -1.450879999999999947e-01 -7.900699999999999390e-02 1.262076399999999943e+01
2.380000000000000171e-03 1.301999999999999989e-03 5.254665000000000141e+00 4.581210000000000004e-01 -2.736569999999999836e-01 -3.592810000000000170e-01 7.166444000000000258e+00
3.350000000000000113e-04 -1.703000000000000087e-03 7.541701999999999906e+00 3.590019999999999878e-01 2.298910000000000120e-01 4.036300000000000304e-02 1.033290900000000079e+01
-3.366000000000000068e-03 2.606999999999999942e-03 3.413651000000000213e+00 5.998259999999999703e-01 4.953500000000000264e-02 1.425399999999999931e-02 4.652967000000000297e+00
-5.993000000000000063e-03 -5.980000000000000072e-04 3.545774999999999899e+00 5.614850000000000119e-01 -7.303500000000000270e-02 4.855760000000000076e-01 4.820045999999999609e+00
4.101999999999999744e-03 1.320000000000000101e-04 3.985021000000000146e+00 6.533499999999999863e-01 -7.707999999999999574e-03 1.127200000000000008e-01 5.425600000000000200e+00
-2.184999999999999876e-03 2.928000000000000047e-03 9.371102999999999739e+00 8.613750000000000018e-01 1.664509999999999879e-01 -2.702010000000000245e-01 1.269952999999999932e+01
5.730000000000000501e-04 3.673000000000000050e-03 7.172630999999999979e+00 7.076909999999999590e-01 1.564909999999999912e-01 6.509470000000000534e-01 9.675191999999999126e+00
-1.005999999999999950e-03 -5.329000000000000403e-03 6.147511999999999865e+00 6.604119999999999990e-01 -1.839320000000000122e-01 -8.212200000000000055e-02 8.366806999999999661e+00
5.331999999999999934e-03 6.675000000000000377e-03 3.068303999999999920e+00 7.444140000000000201e-01 2.311799999999999966e-02 -6.999999999999999387e-05 4.171623000000000303e+00
4.083999999999999957e-03 3.514999999999999895e-03 7.223370000000000068e+00 7.207289999999999530e-01 3.109999999999999917e-02 -1.602359999999999896e-01 9.821773000000000309e+00
4.649999999999999620e-03 9.759999999999999796e-04 6.958319000000000365e+00 1.051995999999999931e+00 -2.572599999999999887e-02 2.994300000000000087e-02 9.418582000000000676e+00
1.435000000000000078e-03 -7.122999999999999991e-03 3.318367999999999984e+00 7.347839999999999927e-01 4.307489999999999930e-01 1.141900000000000033e-02 4.498906999999999989e+00
