2.687000000000000152e-03 6.349999999999999742e-03 4.926281000000000354e+00 5.779119999999999813e-01 8.784699999999999454e-02 -2.285540000000000072e-01 6.713134000000000157e+00
-5.289999999999999564e-04 -2.112999999999999861e-03 8.804933999999999372e+00 1.273287000000000058e+00 1.286899999999999988e-01 -3.152969999999999939e-01 1.186601600000000012e+01
-5.950000000000000427e-03 -3.583999999999999946e-03 5.712811000000000305e+00 9.851539999999999742e-01 2.263680000000000136e-01 6.432440000000000380e-01 7.665912999999999755e+00
1.786999999999999960e-03 7.204999999999999599e-03 4.407199999999999562e+00 7.169860000000000122e-01 2.300159999999999982e-01 4.486299999999999732e-01 5.969445999999999586e+00
1.340000000000000045e-04 2.480000000000000000e-03 3.741404999999999870e+00 4.415669999999999873e-01 -3.684780000000000277e-01 -8.835300000000000098e-02 5.109151999999999916e+00
2.825999999999999953e-03 2.099000000000000171e-03 3.428894999999999804e+00 7.607599999999999918e-01 -8.376799999999999524e-02 -2.993099999999999927e-02 4.660490000000000244e+00
-2.279999999999999909e-03 7.874000000000000790e-03 3.908310000000000173e+00 5.981520000000000170e-01 1.427809999999999913e-01 -6.079400000000000082e-02 5.325885999999999676e+00
-6.342000000000000415e-03 -1.673999999999999924e-03 7.388490000000000002e+00 5.881300000000000416e-01 8.736999999999999975e-03 1.848599999999999896e-02 1.007358800000000087e+01
1.984000000000000086e-03 -6.849000000000000053e-03 7.653050999999999604e+00 8.237360000000000237e-01 3.950380000000000003e-01 1.340610000000000135e-01 1.036142199999999924e+01
4.786000000000000323e-03 -6.759999999999999516e-04 5.329983999999999611e+00 5.506149999999999656e-01 5.312800000000000161e-02 2.472139999999999893e-01 7.266289999999999694e+00
-2.569000000000000103e-03 -1.799000000000000035e-03 3.123383000000000020e+00 3.139959999999999973e-01 -5.321789999999999576e-01 -1.409030000000000005e-01 4.271631000000000178e+00
3.565000000000000027e-03 1.015999999999999976e-03 5.922062999999999633e+00 1.522550000000000070e+00 -9.338299999999999379e-02 2.518190000000000150e-01 7.965409000000000184e+00
7.489999999999999913e-04 8.326000000000000068e-03 9.652433000000000263e+00 1.892922999999999911e+00 3.105000000000000121e-02 7.615000000000000241e-03 1.295545599999999986e+01
-7.568000000000000074e-03 -1.539000000000000003e-03 4.280230000000000423e+00 8.577110000000000012e-01 -5.328399999999999803e-02 -1.365649999999999920e-01 5.807942999999999856e+00
1.902000000000000045e-03 7.882999999999999383e-03 5.969566000000000372e+00 7.005219999999999780e-01 -2.527599999999999986e-02 -2.942200000000000024e-02 8.122296000000000404e+00
5.361999999999999579e-03 2.350000000000000092e-03 3.358947999999999823e+00 4.997980000000000200e-01 -8.708000000000000462e-03 3.031550000000000078e-01 4.582779999999999632e+00
-5.442999999999999922e-03 -3.566999999999999858e-03 3.645467000000000013e+00 7.484009999999999829e-01 1.651940000000000075e-01 2.779999999999999919e-03 4.953864000000000267e+00
-2.422999999999999807e-03 6.867999999999999973e-03 9.378954999999999487e+00 1.585423999999999944e+00 -4.093600000000000017e-02 -5.117200000000000221e-02 1.262197199999999953e+01
-9.100000000000000016e-04 -3.250999999999999984e-03 5.865783999999999665e+00 8.637200000000000433e-01 -8.408300000000000496e-02 1.391159999999999897e-01 7.957557000000000436e+00
1.920000000000000049e-03 -2.190999999999999805e-03 4.202414000000000094e+00 6.644579999999999931e-01 -1.698669999999999902e-01 -1.382800000000000001e-02 5.719833999999999641e+00
-1.926999999999999894e-03 -6.527999999999999949e-03 7.198782999999999710e+00 5.866299999999999848e-01 3.259900000000000297e-02 2.219109999999999971e-01 9.808533999999999864e+00
-3.151999999999999854e-03 -2.978000000000000178e-03 4.384825000000000195e+00 5.913199999999999568e-01 3.602159999999999807e-01 4.707939999999999903e-01 5.942326000000000441e+00
-7.326000000000000047e-03 2.821999999999999856e-03 3.500839000000000034e+00 7.813120000000000065e-01 -9.025500000000000189e-02 2.868499999999999869e-02 4.756580999999999726e+00
-4.222000000000000058e-03 3.053999999999999857e-03 3.140829999999999789e+00 1.071812999999999905e+00 -7.257219999999999782e-01 -6.950299999999999534e-02 4.205504000000000353e+00
3.895000000000000025e-03 2.769000000000000194e-03 6.695026000000000366e+00 5.258190000000000364e-01 -2.156069999999999931e-01 5.600600000000000023e-02 9.135028999999999400e+00
-3.503000000000000037e-03 -4.160999999999999768e-03 4.866183999999999621e+00 9.057370000000000143e-01 -1.873640000000000028e-01 -1.054039999999999977e-01 6.596594999999999764e+00
2.318999999999999881e-03 -6.466999999999999658e-03 4.480504999999999960e+00 9.891029999999999545e-01 -1.338860000000000050e-01 1.762519999999999920e-01 6.065668999999999755e+00
2.759999999999999867e-04 -6.766999999999999578e-03 9.718009999999999593e+00 7.665539999999999576e-01 -3.233280000000000043e-01 3.052520000000000233e-01 1.317065400000000075e+01
-3.151999999999999854e-03 -4.988000000000000246e-03 3.999070000000000125e+00 4.678749999999999853e-01 -3.537429999999999741e-01 -2.340289999999999870e-01 5.454684000000000310e+00
1.877999999999999895e-03 3.943999999999999589e-03 3.312050000000000161e+00 5.537140000000000395e-01 1.085509999999999947e-01 -2.661800000000000277e-01 4.514324000000000225e+00
-5.745000000000000107e-03 4.806000000000000376e-03 5.808492000000000210e+00 1.025390999999999941e+00 1.486899999999999888e-01 2.780509999999999926e-01 7.851307000000000258e+00
6.544999999999999603e-03 4.111000000000000071e-03 6.630384000000000277e+00 7.578359999999999541e-01 6.015869999999999829e-01 -3.497669999999999946e-01 8.927806000000000353e+00
-1.789999999999999870e-04 3.798000000000000161e-03 7.726074999999999804e+00 8.495040000000000369e-01 -8.988400000000000556e-02 -4.466799999999999937e-02 1.048650300000000080e+01
-2.912000000000000092e-03 -6.296000000000000381e-03 8.554894000000000887e+00 1.084465000000000012e+00 2.950399999999999898e-02 -2.640199999999999839e-02 1.157469599999999943e+01
-6.557999999999999594e-03 -3.266999999999999939e-03 5.313786999999999594e+00 5.558189999999999520e-01 6.602550000000000363e-01 -1.018880000000000063e-01 7.192241000000000106e+00
4.200000000000000174e-04 -6.119000000000000307e-03 6.493230999999999753e+00 7.220630000000000104e-01 -3.778399999999999814e-02 -8.370400000000000063e-02 8.830973999999999435e+00
-5.492999999999999619e-03 5.092000000000000172e-03 4.713961000000000290e+00 7.533840000000000536e-01 -2.843959999999999821e-01 3.077799999999999980e-01 6.392361000000000182e+00
7.405000000000000124e-03 -1.886000000000000090e-03 3.460719000000000101e+00 6.123939999999999939e-01 2.896800000000000069e-02 2.109669999999999879e-01 4.713233999999999924e+00
1.402999999999999950e-03 -5.276999999999999573e-03 9.026505999999999474e+00 9.094969999999999999e-01 4.713599999999999735e-02 1.668800000000000006e-01 1.223531400000000069e+01
-2.729000000000000089e-03 -2.243999999999999901e-03 3.024437999999999960e+00 3.890569999999999862e-01 -5.919100000000000056e-02 -2.133319999999999939e-01 4.140609000000000428e+00
-1.856999999999999927e-03 7.431000000000000105e-03 6.809419000000000111e+00 7.441609999999999614e-01 8.146999999999999728e-03 1.073240000000000027e-01 9.256458999999999548e+00
-5.839999999999999922e-04 5.311999999999999882e-03 6.324637000000000064e+00 1.213543000000000038e+00 1.974629999999999996e-01 1.217410000000000020e-01 8.535294000000000381e+00
-1.379999999999999933e-03 2.315999999999999916e-03 3.638253999999999877e+00 6.604750000000000343e-01 1.003999999999999901e-03 -1.464200000000000050e-02 4.953761000000000081e+00
-7.367000000000000284e-03 -2.799999999999999958e-05 7.007386000000000337e+00 9.651800000000000379e-01 -2.360119999999999996e-01 2.704799999999999913e-02 9.489800999999999931e+00
-6.557999999999999594e-03 -3.266999999999999939e-03 5.313786999999999594e+00 5.558189999999999520e-01 6.602550000000000363e-01 -1.018880000000000063e-01 7.192241000000000106e+00
-6.688999999999999634e-03 4.975000000000000255e-03 4.053245000000000431e+00 5.963739999999999597e-01 2.280119999999999925e-01 -1.350800000000000056e-01 5.520218999999999987e+00
-3.504000000000000170e-03 -6.983999999999999757e-03 4.209603000000000428e+00 5.567940000000000111e-01 2.162699999999999900e-01 1.371000000000000040e-03 5.739410999999999596e+00
-6.536000000000000143e-03 -4.203000000000000139e-03 6.741668999999999912e+00 1.430908000000000069e+00 7.836300000000000210e-02 4.245840000000000169e-01 9.055963999999999459e+00
-2.642999999999999950e-03 8.639999999999999677e-04 9.687872999999999735e+00 1.788014999999999910e+00 3.264800000000000341e-02 -1.276690000000000047e-01 1.301171300000000031e+01
-6.354000000000000273e-03 -2.366000000000000048e-03 3.726223000000000063e+00 6.437040000000000539e-01 8.915199999999999514e-02 2.327000000000000075e-03 5.074385999999999619e+00
