4.739000000000000157e-03 3.027000000000000177e-03 3.773988000000000120e+00 4.823169999999999957e-01 2.366300000000000001e-02 2.992040000000000255e-01 5.151237000000000066e+00
3.589000000000000176e-03 7.050999999999999976e-03 7.106645000000000323e+00 6.355169999999999986e-01 3.622310000000000252e-01 5.508159999999999723e-01 9.602622999999999465e+00
3.582000000000000114e-03 4.677999999999999867e-03 4.302558999999999578e+00 3.892680000000000029e-01 -2.430660000000000043e-01 1.967869999999999897e-01 5.886947000000000152e+00
7.432000000000000238e-03 -1.046999999999999971e-03 9.926182999999999979e+00 8.577169999999999517e-01 -1.410000000000000012e-03 -1.047489999999999949e-01 1.347044700000000006e+01
4.878000000000000391e-03 7.062999999999999834e-03 5.351905999999999608e+00 7.187440000000000495e-01 2.056499999999999995e-01 -3.697039999999999771e-01 7.260977999999999710e+00
1.900999999999999912e-03 -2.220000000000000022e-04 6.053026000000000018e+00 6.649190000000000378e-01 -1.443149999999999988e-01 -2.112930000000000086e-01 8.234927000000000774e+00
-1.234999999999999987e-03 -1.230000000000000082e-04 3.015140999999999849e+00 6.146009999999999529e-01 -2.487800000000000081e-02 -2.124659999999999882e-01 4.106711999999999918e+00
2.173000000000000018e-03 1.245000000000000013e-03 7.248145000000000060e+00 1.083221999999999907e+00 2.747359999999999802e-01 -2.056109999999999882e-01 9.788282999999999845e+00
-4.167999999999999830e-03 1.786999999999999960e-03 9.817199999999999704e+00 7.840200000000000502e-01 -2.617959999999999732e-01 -7.377400000000000624e-02 1.332777300000000054e+01
-3.998999999999999951e-03 -5.466000000000000372e-03 3.416993999999999865e+00 4.343130000000000046e-01 -1.147999999999999993e-01 7.318900000000000405e-02 4.673958999999999975e+00
7.959000000000000796e-03 -2.369999999999999874e-04 3.767116000000000131e+00 4.945200000000000151e-01 -2.660080000000000222e-01 -2.563199999999999854e-02 5.142354000000000092e+00
2.752000000000000106e-03 5.098000000000000101e-03 5.153737999999999708e+00 1.166668000000000038e+00 -1.534739999999999993e-01 -3.710680000000000089e-01 6.950363000000000291e+00
-3.165999999999999977e-03 -4.380000000000000213e-03 9.096453999999999596e+00 4.872960000000000069e-01 -4.545629999999999948e-01 2.438329999999999942e-01 1.238482400000000005e+01
-2.211999999999999991e-03 3.494000000000000144e-03 9.450824000000000780e+00 1.212223000000000050e+00 -6.015500000000000014e-02 -8.810400000000000176e-02 1.276674700000000051e+01
5.170000000000000116e-03 -4.444000000000000034e-03 4.488011000000000195e+00 6.347810000000000397e-01 -2.670150000000000023e-01 1.408770000000000022e-01 6.106907999999999781e+00
-2.471000000000000106e-03 8.243999999999999592e-03 4.215079000000000242e+00 8.444570000000000132e-01 -1.978789999999999993e-01 -5.970490000000000519e-01 5.683796000000000070e+00
4.951999999999999805e-03 -1.376000000000000053e-03 4.188965999999999745e+00 4.793979999999999908e-01 6.858200000000000407e-02 -5.480899999999999661e-02 5.724159000000000219e+00
-1.129000000000000012e-03 7.516000000000000111e-03 3.160795999999999939e+00 6.275939999999999852e-01 -5.025859999999999772e-01 1.201490000000000058e-01 4.290212000000000359e+00
-1.657000000000000053e-03 -4.197000000000000210e-03 6.095064999999999955e+00 8.792950000000000488e-01 -1.612900000000000097e-02 5.427419999999999467e-01 8.227430999999999273e+00
-5.087999999999999641e-03 -2.801999999999999803e-03 8.011431999999999221e+00 3.908860000000000112e-01 3.012839999999999963e-01 4.588260000000000116e-01 1.092559600000000053e+01
5.080999999999999579e-03 4.784000000000000058e-03 6.237349000000000032e+00 1.017314999999999969e+00 -8.850000000000000228e-03 -4.500200000000000033e-02 8.446580000000000865e+00
-1.966999999999999998e-03 3.609999999999999928e-04 8.739594999999999558e+00 1.148829000000000100e+00 7.467600000000000626e-02 -7.601199999999999624e-02 1.181343599999999938e+01
-3.861999999999999982e-03 2.553999999999999847e-03 7.175930000000000142e+00 8.026630000000000154e-01 -1.297590000000000132e-01 -6.434199999999999642e-02 9.745578000000000074e+00
4.689999999999999725e-03 3.576999999999999885e-03 4.366995000000000182e+00 8.431779999999999831e-01 2.390110000000000012e-01 -1.328360000000000096e-01 5.921410999999999980e+00
-4.730999999999999962e-03 -5.152999999999999595e-03 5.654793999999999876e+00 6.171010000000000106e-01 -2.885619999999999852e-01 -4.683689999999999798e-01 7.672030000000000349e+00
7.225999999999999784e-03 -6.340000000000000149e-04 3.867535000000000167e+00 4.253009999999999846e-01 -1.218219999999999997e-01 8.693399999999999739e-02 5.291230999999999796e+00
-5.151000000000000197e-03 -9.979999999999999722e-04 9.385811999999999600e+00 8.259720000000000395e-01 -1.427759999999999863e-01 1.793389999999999984e-01 1.273577099999999973e+01
2.109000000000000197e-03 -3.618000000000000122e-03 8.772688999999999737e+00 7.660139999999999727e-01 2.380339999999999956e-01 3.147599999999999842e-01 1.189292200000000044e+01
1.956999999999999972e-03 5.945999999999999897e-03 9.016878000000000171e+00 1.020111999999999908e+00 -3.741410000000000013e-01 -5.499500000000000222e-02 1.218692599999999970e+01
1.108999999999999960e-03 6.851000000000000319e-03 7.298058000000000156e+00 7.200830000000000286e-01 -4.014759999999999995e-01 -1.526150000000000007e-01 9.902608999999999995e+00
-2.812999999999999962e-03 -8.040999999999999537e-03 5.374456000000000344e+00 5.654400000000000537e-01 1.055409999999999959e-01 3.734239999999999782e-01 7.315306999999999782e+00
-1.310000000000000129e-04 2.735000000000000018e-03 3.032237999999999989e+00 5.220660000000000300e-01 -2.875940000000000163e-01 -2.143559999999999910e-01 4.133632999999999669e+00
2.279999999999999909e-03 -5.002000000000000370e-03 3.487286000000000108e+00 8.310400000000000009e-01 -8.637000000000000233e-02 -2.380829999999999891e-01 4.731287000000000020e+00
3.853000000000000088e-03 -2.216999999999999787e-03 5.191975000000000229e+00 1.036141999999999896e+00 -2.029800000000000007e-02 -3.577330000000000232e-01 7.016689000000000398e+00
5.734999999999999647e-03 -2.729999999999999788e-03 6.935579999999999856e+00 8.028319999999999901e-01 4.499210000000000154e-01 8.123700000000000365e-02 9.387456999999999496e+00
-3.184000000000000198e-03 7.299999999999999632e-04 8.041949999999999932e+00 7.525399999999999867e-01 1.701769999999999949e-01 -1.642889999999999906e-01 1.092388700000000057e+01
1.234000000000000071e-03 9.730000000000000151e-04 4.613096999999999781e+00 4.948609999999999953e-01 4.965800000000000075e-02 -1.141569999999999946e-01 6.300980000000000025e+00
5.644999999999999844e-03 3.599000000000000202e-03 5.426026000000000238e+00 7.932069999999999954e-01 1.468210000000000071e-01 4.252700000000000230e-02 7.368453999999999837e+00
-1.449999999999999900e-03 3.139999999999999996e-03 4.983378000000000085e+00 7.920150000000000245e-01 -7.666499999999999704e-02 -1.840200000000000169e-02 6.770054000000000016e+00
6.179999999999999513e-04 -7.479999999999999670e-04 3.678535000000000110e+00 4.405399999999999872e-01 -6.100300000000000167e-02 -4.287739999999999885e-01 5.020181000000000004e+00
8.330000000000000598e-03 1.495999999999999934e-03 3.675257999999999914e+00 6.843439999999999523e-01 4.285200000000000120e-01 1.002099999999999935e-01 4.986540999999999890e+00
5.749999999999999903e-04 6.035999999999999699e-03 5.659421000000000035e+00 9.371469999999999523e-01 2.821409999999999751e-01 2.299859999999999960e-01 7.654467999999999606e+00
4.625999999999999904e-03 6.170000000000000137e-03 3.208609000000000044e+00 6.797819999999999974e-01 2.053820000000000090e-01 3.935710000000000042e-01 4.353640000000000398e+00
-2.635999999999999888e-03 -2.595000000000000084e-03 7.467462000000000266e+00 4.004499999999999726e-01 -1.384330000000000005e-01 -6.571019999999999639e-01 1.015461600000000075e+01
2.928000000000000047e-03 -7.034999999999999587e-03 9.114195000000000491e+00 8.853699999999999903e-01 4.142900000000000055e-02 3.331959999999999922e-01 1.234244900000000023e+01
-1.306000000000000086e-03 3.017999999999999849e-03 7.874405000000000321e+00 7.522710000000000230e-01 2.257639999999999925e-01 2.056920000000000137e-01 1.068864600000000031e+01
-2.147000000000000037e-03 5.944999999999999764e-03 4.467473000000000027e+00 4.071379999999999999e-01 -1.339300000000000039e-02 -2.001290000000000013e-01 6.113730999999999582e+00
4.479999999999999608e-03 -6.919999999999999936e-03 4.530807000000000251e+00 9.639870000000000383e-01 -1.725309999999999899e-01 3.350199999999999706e-02 6.137977000000000238e+00
-1.536999999999999955e-03 -4.044999999999999984e-03 8.280435000000000656e+00 4.063990000000000102e-01 -6.690799999999999526e-02 4.834399999999999809e-01 1.130086000000000013e+01
-5.494999999999999885e-03 4.380000000000000213e-04 6.935579999999999856e+00 8.028319999999999901e-01 -4.499210000000000154e-01 -8.123700000000000365e-02 9.393848000000000198e+00
