-9280250.718495 -9280250.718495 0.045040 -0.0041080975 0.0000249763 -0.0041002995 -0.0040882459 -0.0082597655 0.0000653622 -0.0082854542 -0.0082865488 9.2562441183 0.1947396630 9.2992342828 9.1904852375 2.1966662601 0.4742692083 3.7644411856 1.5276181991 -0.2069309686 0.3675525647 -0.2751253146 0.7065362606 -0.3406564876 0.3560664566 -0.6783122271 0.2153327610 
-9280251.675333 -9280251.675337 0.044091 -0.0043557135 0.0000251218 -0.0043646730 -0.0043640219 0.0075115270 0.0000313382 0.0075152163 0.0075533188 9.3268936700 0.3121152881 9.1157670903 9.2562604310 1.8222706363 0.5494254542 2.2911869264 1.7380496460 -0.3233251910 0.3609133996 -0.7516343569 -0.4459796367 -0.1383625226 0.3575697553 -0.0594066169 0.4050129786 
-9280140.038542 -9280140.038542 0.049252 -0.0076703003 0.0000017725 -0.0076686326 -0.0076712197 -0.0065529207 0.0000021502 -0.0065529737 -0.0065535342 15.8851778141 0.5890585944 17.2845643925 15.2580300782 1.3904676555 0.2050489316 1.4945932440 1.3238230379 -0.0784291823 0.1296085686 -0.1871873875 0.1924262342 0.0195110163 0.1435152644 0.0042305646 0.2190543417 
-9279812.801356 -9279812.801356 0.055753 -0.0062177243 0.0000010195 -0.0062182548 -0.0062173208 -0.0072406670 0.0000010923 -0.0072403303 -0.0072399829 36.0599266024 1.0445597650 37.4075903635 34.6827289103 1.4178765437 0.1123936246 1.5330638534 1.4412235141 -0.0770948378 0.1279887719 -0.0343383535 -0.1290249733 0.0515616661 0.1337575977 0.0316838765 -0.0043881512 
-9280192.532630 -9280192.532630 0.046513 -0.0045209537 0.0000039132 -0.0045219436 -0.0045191795 -0.0060007784 0.0000026179 -0.0059992044 -0.0060005958 12.9149436669 1.1927605063 13.0739948030 15.4622561170 1.2762037137 0.2663775310 0.8143381886 1.8339393776 0.0625840229 0.1919416457 0.1540381645 0.2003195886 0.1221623443 0.2185977288 0.4208952194 0.3123765531 
-9280242.504977 -9280242.504977 0.044505 -0.0003283493 0.0000060136 -0.0003308373 -0.0003248304 0.0076360329 0.0000104190 0.0076388279 0.0076305365 9.4746180694 0.3441527978 9.2077885849 9.3992333621 1.8489552729 0.4998122557 2.2651024255 1.6429507109 -0.3087225071 0.2107728836 -0.4913684423 -0.0714166169 -0.0902709786 0.3143976029 -0.5481748179 0.2923738684 
-9280203.809179 -9280203.809179 0.047530 0.0004038494 0.0000026297 0.0004029454 0.0004068709 0.0062205378 0.0000030833 0.0062210634 0.0062139972 11.8466371807 1.1440523249 11.5317904440 12.9594781869 1.2881651439 0.2522509372 0.7831333790 1.4326401075 -0.1680680354 0.1735219751 -0.3603835561 -0.0047188296 -0.1269781706 0.1835861383 -0.1209511870 -0.5527139313 
-9279220.560151 -9279220.560151 0.058794 -0.0073783752 0.0000010005 -0.0073789086 -0.0073776020 -0.0034899674 0.0000007225 -0.0034897790 -0.0034894173 60.5002785629 1.3546058360 61.0697359116 59.4814314844 1.9675317719 0.1660168962 2.1250647434 1.9203752017 0.2105089654 0.1515858406 0.0977173771 0.3105790319 -0.0548090327 0.0879584824 -0.1603748219 0.0302181227 
-9279215.160096 -9279215.160096 0.063344 -0.0027762476 0.0000009789 -0.0027755318 -0.0027772710 0.0081580730 0.0000016255 0.0081578175 0.0081609945 11.2580144756 0.0657030974 11.2663258797 11.3563050946 2.1033787999 0.0513617255 2.0870772309 2.1773860840 -0.4678628232 0.0162416666 -0.4709173481 -0.4722625000 -0.0203839196 0.0644829561 0.0166108537 -0.0704157935 
-9280194.606498 -9280194.606498 0.046309 -0.0057796102 0.0000042632 -0.0057804622 -0.0057789399 0.0052475868 0.0000053944 0.0052473086 0.0052443235 13.4000996163 1.2907255510 14.4475515515 12.6376426770 1.7513802005 0.3060523922 1.3747460351 1.3705106537 -0.0609964044 0.1843269974 -0.0837103857 -0.1086999924 -0.2437979643 0.1819750625 -0.6086393019 -0.1164482637 
-9280026.740663 -9280026.740663 0.052797 0.0014394087 0.0000009709 0.0014396201 0.0014381460 -0.0027537971 0.0000011702 -0.0027545634 -0.0027548210 25.1646208455 1.0939465308 25.5519321127 25.9313142655 1.0647940422 0.1468099940 0.8826887219 1.1710709185 -0.0873191463 0.0872330444 -0.1257822267 -0.0553550794 0.0515102144 0.1093161134 0.3150932108 0.0070020248 
-9280112.266559 -9280112.266559 0.050165 -0.0031446333 0.0000014518 -0.0031449835 -0.0031445570 -0.0048769902 0.0000022464 -0.0048774054 -0.0048766211 21.1312043712 1.2408066008 21.4806921457 20.7192568523 1.2925333211 0.2122605486 0.7992946542 1.4252455590 -0.3290782724 0.1518656626 -0.5911366149 -0.4070882940 0.2113887847 0.1513306324 0.3736640615 0.4148453325 
-9280124.706681 -9280124.706681 0.048250 0.0047038016 0.0000025560 0.0047026739 0.0047079447 -0.0080324840 0.0000022148 -0.0080313503 -0.0080333600 20.4551532438 1.4634861563 20.4549083627 20.5240329666 1.3750491354 0.2754347789 0.7623960184 1.2913270107 0.0723612233 0.1908941777 0.4171530871 0.0572073266 0.3645292789 0.1691610090 0.6162761505 0.4034819635 
-9280240.451371 -9280240.451490 0.043143 0.0044531622 0.0000143955 0.0044439283 0.0044450115 -0.0084013244 0.0000161091 -0.0084028838 -0.0083921164 9.3622469567 0.2837095323 9.1021154589 9.0035576278 1.6558717977 0.4550079295 2.9127457396 2.2327461942 -0.0273633287 0.3266100733 -0.2888661217 -0.6232990229 -0.0598795639 0.4325988700 0.6795469002 -0.2731304766 
-9279769.063894 -9279769.063894 0.063758 -0.0020187205 0.0000020757 -0.0020191437 -0.0020207963 -0.0066890968 0.0000016356 -0.0066873306 -0.0066897295 11.7719250662 0.0917436910 11.7842869907 11.8687488621 1.8733664959 0.0666284707 1.7549186127 2.0242653283 0.0966869970 0.2391855007 0.3491571355 0.2429598348 0.0394438985 0.2045663998 -0.0287411000 -0.0026508486 
-9280179.842936 -9280179.842936 0.048004 -0.0022382933 0.0000019698 -0.0022416808 -0.0022368082 0.0018061231 0.0000015982 0.0018068549 0.0018034450 13.8513164171 1.0604051251 12.9460316385 13.6143045278 0.9414738054 0.1981992182 0.4080119119 0.8275332524 0.0323649483 0.1468200867 -0.1696767808 0.1382319611 0.0255752265 0.1625144953 0.2472569319 -0.0369559909 
-9280245.961750 -9280245.988177 0.043279 -0.0020165724 0.0001086172 -0.0019444900 -0.0021300229 0.0006290653 0.0000312350 0.0006202704 0.0006601373 9.3856154647 0.2982379921 9.5705098034 9.3676596532 2.2372067818 0.4614424199 3.7139651764 1.9244745260 0.4166125477 0.3263439188 0.7501120934 -0.1188213871 0.2966660604 0.2418631190 0.0516485408 0.6772126041 
-9280243.820060 -9280243.822514 0.044780 -0.0015099296 0.0000073674 -0.0015085284 -0.0015085337 0.0005991366 0.0000142889 0.0005969098 0.0005917188 9.5601465410 0.4306157803 9.0354413547 10.3095652215 1.8928490676 0.3894945455 1.2182050853 1.4832839704 -0.3979725193 0.2083567918 -0.6049674606 -0.1153543471 -0.2427138671 0.2934951054 -0.4511108079 -0.5722039473 
-9280247.276877 -9280247.347312 0.042935 -0.0012324482 0.0000339041 -0.0012731450 -0.0011658215 0.0008220794 0.0000979372 0.0009087941 0.0006415405 9.3606701747 0.2755405605 9.0128458646 9.2993337527 2.2055318319 0.4354482134 3.6072928803 1.6033738464 -0.1641971779 0.4440381361 0.6986074163 0.5147747922 0.0345252448 0.4404432191 -0.1375348344 0.3291209733 
-9280181.654675 -9280181.654675 0.051794 -0.0029403354 0.0000013412 -0.0029402136 -0.0029399173 -0.0001019382 0.0000012632 -0.0001017461 -0.0001014879 13.5148065133 0.9277090243 13.3193004923 13.3746069448 0.7753118572 0.1729292827 0.4031158951 0.7991874597 -0.0292608817 0.1608373864 0.1955885214 0.1023128065 0.1470477926 0.1129962122 0.0514918437 0.0493501749 
-9279516.668054 -9279516.668054 0.057438 -0.0072789277 0.0000006059 -0.0072793087 -0.0072789083 0.0022876424 0.0000006106 0.0022879406 0.0022861501 46.2636040487 1.1108168944 46.0956327869 46.6933502884 1.2135539838 0.0675489448 1.1755680179 1.1514448257 -0.0632640401 0.0910059823 -0.1026452136 -0.0978828268 0.0887483513 0.0497550670 0.0067199637 0.0434404414 
-9279821.938748 -9279821.938748 0.052793 -0.0062689272 0.0000011817 -0.0062689346 -0.0062670494 0.0018637372 0.0000012355 0.0018636376 0.0018629533 37.3359690872 1.2482022517 38.1806661583 37.0276441982 1.6708098329 0.1485455383 1.7933958748 1.5889966921 -0.0282328129 0.1266222088 -0.0371676479 -0.2106784259 -0.0505525726 0.1147825502 -0.0373203513 0.0163237942 
-9280247.912669 -9280247.912711 0.044871 -0.0004465821 0.0000334721 -0.0004469838 -0.0004494107 0.0028141498 0.0000447479 0.0028392130 0.0028431823 9.3069279681 0.2163326154 9.1374780004 9.1515241185 2.1748867897 0.4937683697 2.3231793326 1.8448286424 -0.1980917650 0.3276171624 -0.1089979838 -0.1028184669 -0.3012869919 0.3893677624 -0.7470241501 -0.4348158209 
-9280246.416523 -9280246.416529 0.043834 -0.0030959245 0.0000315770 -0.0030977396 -0.0031854558 0.0029036298 0.0000768112 0.0028707598 0.0031071099 9.4436639318 0.3273416511 9.0581997421 9.8646484476 2.3152583792 0.4885096043 2.2612972698 1.9294529583 -0.0056632468 0.4746712299 0.6835239282 0.4939246558 0.0803060905 0.4184115366 0.2991808462 -0.3799629217 
-9280245.711946 -9280245.713804 0.043453 0.0037718767 0.0001012652 0.0037522459 0.0038738747 0.0059861816 0.0000696554 0.0059773850 0.0060181793 9.6171951194 0.4648057895 9.7687697341 9.2169771282 2.4826404834 0.5230393579 3.7934525734 2.0587839889 0.2606198676 0.3497174995 0.7225343557 0.1990072331 0.4403879773 0.2414426996 0.2156699124 0.6833560424 
-9280034.747790 -9280034.747790 0.055798 0.0059488379 0.0000022856 0.0059512869 0.0059517238 0.0056763758 0.0000031148 0.0056767132 0.0056733983 14.5264318638 0.3116468455 14.3172980368 14.1349222794 1.5674006128 0.0807929283 1.5089068583 1.5269832258 0.1025312187 0.1743645398 -0.0959208049 -0.1215327968 0.4453345123 0.0918161981 0.4929379685 0.5099201219 
-9280209.575525 -9280209.575525 0.052105 0.0004023575 0.0000029303 0.0004034789 0.0004046739 0.0062191048 0.0000039818 0.0062194570 0.0062122199 9.5059720942 0.1539482045 9.7524393681 9.5417839165 1.0811530600 0.1288019654 0.8111059688 1.0201941065 -0.3678049080 0.1441181106 -0.5234227970 -0.3541625577 -0.1413570095 0.2123651727 -0.0580699881 -0.3683005562 
-9279894.272492 -9279894.272492 0.054443 0.0059580516 0.0000014427 0.0059575329 0.0059560068 0.0056773632 0.0000021390 0.0056770296 0.0056790873 37.2497668217 1.3986654552 38.0145481740 37.7990121105 1.7676088782 0.3043074048 2.0713651612 1.9830993597 -0.5123561234 0.1182416805 -0.4772358457 -0.5049950589 0.1865812062 0.1167291064 0.1679105213 -0.0299881888 
-9280088.166474 -9280088.166474 0.055918 0.0059579567 0.0000034057 0.0059556531 0.0059595456 0.0056796197 0.0000025695 0.0056810544 0.0056811466 10.7359341938 0.2455576305 11.0338761518 11.0129617050 1.6097776951 0.0890149047 1.6228231912 1.6802610399 0.4135433301 0.3085951468 0.5973102751 0.5648973290 -0.2463351685 0.1780706343 -0.0484571738 -0.2543685965 
-9280248.602784 -9280248.606372 0.042523 0.0046250899 0.0000537871 0.0046182515 0.0046139850 0.0016593694 0.0000960145 0.0016670582 0.0016472324 9.3582554953 0.2727138390 9.1340584037 9.5418253273 1.9428241659 0.4751822018 2.2855472525 2.2302275778 0.0353198707 0.3201657118 0.4324771627 0.2230307010 -0.2428520811 0.2773056699 0.5927842397 -0.5178333203 
-9280249.871735 -9280249.879312 0.043801 0.0040083198 0.0001067655 0.0039839866 0.0040160973 0.0031002692 0.0001085451 0.0031250618 0.0030777690 9.3729388563 0.3384204636 9.0146683112 9.0547253147 2.3534526960 0.5352570368 3.4081668615 3.1043306936 0.0168199629 0.2835871009 0.2457229789 0.4190348558 -0.5651889174 0.1879780234 -0.7044315885 -0.3237390268 
-9280241.114389 -9280241.114535 0.043299 0.0014975874 0.0000186632 0.0014911952 0.0014887397 0.0038678991 0.0000177583 0.0038648843 0.0038811340 9.4808023527 0.4040334360 9.0548128827 9.9129149559 2.0241760419 0.5280477264 3.5955849885 2.2063537187 -0.1827172302 0.3348046073 0.1055613427 -0.6015408778 0.0258652428 0.4741610513 -0.7417036442 -0.0366269772 
-9280247.576184 -9280247.666860 0.042806 0.0017372459 0.0000501429 0.0017254217 0.0016909255 0.0040565417 0.0000508458 0.0040659456 0.0040844859 9.2904259888 0.1930398580 9.0988569491 9.0095237988 2.5579675819 0.5242697661 3.7188596091 3.1176441086 -0.1754500736 0.4273837554 -0.6147255853 0.1430917024 -0.3300544653 0.3129007462 -0.4071751167 -0.6300633553 
-9280070.592644 -9280070.592644 0.055599 -0.0062708818 0.0000020658 -0.0062728220 -0.0062682182 0.0018636680 0.0000023619 0.0018634696 0.0018609768 9.7778289099 0.1780196012 9.9705223786 9.9271373820 1.7136160480 0.0968705334 1.7255581870 1.6869414627 0.2025280879 0.1479654793 0.3545189326 0.2378250253 0.3112681594 0.0970206635 0.2319200397 0.4145251905 
-9280249.812263 -9280249.814068 0.044335 0.0071079560 0.0004971747 0.0071701936 0.0071650451 0.0009431275 0.0001086178 0.0009686917 0.0009421018 9.3865605862 0.2861670407 9.0337149777 9.6924678647 2.2945159287 0.5709095558 3.8171825258 2.0240336962 -0.4974351090 0.2416022225 -0.6985514044 -0.5710334352 -0.3270541079 0.2247251245 -0.2340931665 -0.4719157148 
-9278361.491101 -9278361.491101 0.059055 -0.0020177774 0.0000009941 -0.0020177497 -0.0020159374 -0.0066841931 0.0000009215 -0.0066842702 -0.0066832037 87.3933466416 1.5564668756 87.7275155511 86.1450932174 2.7359422057 0.1364622027 2.7953143485 2.5749606067 0.0594792493 0.0478333012 0.0509567196 0.0829798391 0.1946068203 0.0518786078 0.1922911148 0.2421846981 
-9275018.244912 -9275018.244912 0.066126 0.0052583233 0.0000006076 0.0052582394 0.0052593040 -0.0008728146 0.0000011364 -0.0008729021 -0.0008721633 171.0841481678 2.1018106683 171.6335754114 171.7314060838 3.6552367388 0.1201712428 3.7328604869 3.6177925318 -0.5543908333 0.0193158220 -0.5474635754 -0.5494724188 -0.0858179297 0.0241748914 -0.0879101720 -0.0732041058 
-9270780.474117 -9270780.474117 0.064109 -0.0027699512 0.0000003880 -0.0027699542 -0.0027694568 0.0081601408 0.0000004124 0.0081602027 0.0081596886 191.5801251886 1.6451655066 191.6487292565 193.4491504116 2.3803712664 0.0637760261 2.3808471507 2.4154691768 -0.0781335080 0.0245503532 -0.0768782450 -0.0898148580 -0.3114045363 0.0235109204 -0.3150442145 -0.2821256732 
-9280191.257917 -9280191.257917 0.046529 0.0020962332 0.0000020716 0.0020955271 0.0020982093 -0.0084839739 0.0000018308 -0.0084835357 -0.0084855793 12.8608235141 1.1849302465 12.4252927736 11.5572844220 1.0855428785 0.2629972829 0.6284351133 1.2366233590 0.0691564244 0.1803746995 0.4136222403 0.1237972663 -0.0901552752 0.1916996109 -0.0352954762 -0.0790401052 
-9280205.835698 -9280205.835698 0.046299 -0.0059991875 0.0000028079 -0.0060005676 -0.0060002282 -0.0086023254 0.0000034836 -0.0086012291 -0.0086041575 12.0481754916 1.1683035760 12.1471272775 11.9529091161 1.4074491352 0.3249240501 0.7408795831 1.2396634821 -0.1330335654 0.1546335033 -0.5444825409 0.0854790837 0.1385792265 0.1799313703 0.2537697257 -0.2114758678 
-9280185.125432 -9280185.125432 0.047976 -0.0027777848 0.0000025380 -0.0027767901 -0.0027820054 -0.0078956714 0.0000018039 -0.0078964935 -0.0078955676 13.6721155392 1.1403762908 13.3426826228 13.9891450093 1.1196486383 0.2391317037 0.5023915768 0.9658521805 0.1188322421 0.1482747584 0.3917841598 0.1596195247 -0.0522243816 0.1443862359 -0.0492974546 -0.1739294583 
